69 69
34 49 28 15 11 3 23 20 52 18 44 46 68 6 37 36 56 19 7 5 47 65 16 60 55 21 50 51 69 31 24 54 59 38 43 58 48 10 53 63 32 2 9 14 41 30 64 57 25 39 1 66 13 62 33 42 4 22 12 8 40 29 61 35 26 27 17 67 45
44 9 15 47 30 59 11 65 20 26 51 23 1 53 58 61 42 19 40 24 16 64 5 43 41 54 21 34 22 3 10 68 39 60 38 36 17 31 52 4 7 63 55 66 57 46 29 13 50 49 56 67 2 14 33 62 12 6 37 25 35 69 27 28 32 45 48 8 18
60 50 11 25 29 32 35 1 12 68 51 44 43 36 58 34 64 3 22 30 63 14 9 65 56 31 42 5 53 47 28 7 26 13 19 23 59 38 66 55 52 10 54 4 49 39 16 61 24 2 40 6 33 45 20 21 41 17 67 57 18 15 69 37 46 8 62 48 27
2 65 45 41 5 67 19 6 20 35 36 33 29 37 8 30 34 13 61 31 28 50 21 62 69 38 40 54 16 17 25 59 39 56 53 10 43 64 51 22 14 26 9 55 57 66 48 32 60 12 3 46 4 27 47 1 15 52 68 7 11 42 23 24 63 58 18 44 49
4 19 8 34 3 40 25 47 69 23 11 30 10 58 13 63 5 31 41 46 43 6 9 56 59 28 45 15 48 21 29 65 51 52 57 68 20 42 2 26 54 17 60 67 18 61 22 44 24 55 12 1 50 35 39 16 33 14 37 7 53 32 62 27 66 49 36 64 38
53 60 48 65 43 42 21 59 24 33 22 3 68 46 47 19 11 2 34 57 1 20 64 17 69 52 67 56 49 27 9 35 12 10 61 55 26 4 39 32 14 54 63 18 51 38 37 23 16 6 13 44 66 25 45 36 58 8 29 30 5 31 50 41 28 62 15 7 40
55 59 61 54 3 60 8 27 51 58 22 21 29 25 5 44 62 64 24 50 49 41 18 56 17 2 43 52 65 32 9 66 68 4 35 63 47 7 11 39 6 28 1 15 46 14 53 10 67 19 40 33 38 37 26 23 36 69 45 57 31 42 30 12 48 13 16 20 34
57 33 40 35 16 51 69 52 27 29 41 37 68 22 23 4 42 45 64 56 3 8 53 19 38 2 47 31 24 48 7 39 34 13 25 49 30 43 59 63 12 36 20 9 28 65 58 61 60 62 50 14 26 5 6 15 46 44 10 66 18 1 55 17 67 54 21 11 32
50 40 32 34 41 44 6 23 63 17 25 68 33 21 60 15 27 7 46 4 30 66 22 38 64 65 42 26 5 45 55 43 18 28 10 12 67 57 47 69 24 20 16 61 59 14 56 3 29 52 1 13 2 49 31 51 62 58 36 54 19 48 35 53 9 8 11 37 39
38 60 24 27 36 62 1 12 41 20 7 6 59 64 50 13 40 46 48 5 65 52 30 45 25 44 28 9 22 16 49 10 23 47 56 33 26 3 51 55 43 18 21 15 32 61 67 54 19 14 57 66 37 68 35 42 2 63 53 69 39 31 4 58 8 34 11 29 17
24 55 54 66 50 26 30 53 62 67 6 40 46 63 39 47 44 41 49 27 20 29 35 25 45 31 16 60 68 2 64 32 43 10 18 69 56 57 15 9 11 37 14 3 23 61 42 22 8 33 19 36 59 1 12 58 4 34 5 21 17 51 65 48 7 52 13 38 28
11 62 51 27 13 24 46 17 4 12 33 26 61 6 55 48 41 1 32 10 69 31 45 29 8 30 42 15 2 67 35 18 23 65 57 16 53 37 25 20 34 59 54 38 36 19 22 60 44 21 63 50 49 52 14 5 58 39 28 9 40 7 64 66 43 68 56 3 47
52 20 68 6 44 30 53 16 49 27 13 8 23 57 29 38 36 2 45 25 31 28 15 1 19 22 14 17 39 40 50 59 48 65 9 4 62 46 21 56 67 12 5 54 64 32 60 61 63 41 11 42 3 35 55 69 51 7 47 66 18 26 33 58 34 10 43 37 24
14 48 13 60 49 17 62 64 36 15 16 42 11 38 39 37 44 50 63 32 67 61 40 10 41 68 30 8 47 31 28 55 66 29 3 53 25 46 58 57 5 45 24 52 6 51 54 69 18 7 4 9 26 34 19 12 65 35 1 21 33 20 59 22 56 23 43 27 2
17 51 11 14 49 36 23 1 54 34 55 66 69 42 19 29 5 33 9 31 22 58 26 10 41 53 27 68 12 43 47 13 25 67 40 46 2 63 56 64 15 44 28 7 39 24 37 32 6 45 62 30 61 38 50 60 57 21 48 35 16 4 59 18 3 52 65 8 20
1 52 63 5 58 54 53 20 16 48 42 33 9 7 39 44 40 49 29 47 14 15 68 60 57 45 2 8 41 25 30 4 46 18 59 43 51 34 17 62 27 36 10 55 12 28 13 22 3 24 6 31 61 26 21 69 32 50 19 67 64 65 66 38 37 11 23 56 35
63 4 22 20 5 23 33 42 21 54 66 10 2 58 39 24 9 3 28 49 30 68 19 1 44 29 25 56 14 41 16 31 15 8 17 48 61 7 60 13 53 38 43 45 40 37 65 27 11 32 50 51 26 67 46 55 57 64 69 18 35 36 6 52 47 12 34 59 62
42 19 58 64 47 30 25 51 38 52 33 31 14 53 48 46 68 4 29 2 15 16 65 54 3 22 56 20 8 37 50 11 35 24 10 1 26 66 57 34 55 13 59 44 23 61 28 12 41 63 40 60 9 67 21 32 7 69 6 18 43 49 36 5 45 27 17 62 39
43 20 32 52 48 15 26 51 30 69 27 19 24 4 60 11 35 28 36 64 10 56 62 57 65 3 68 8 41 16 47 39 61 58 13 21 22 1 9 17 23 59 45 67 42 33 25 55 29 2 49 7 37 50 38 66 14 40 31 5 44 54 34 63 6 46 53 12 18
65 67 10 43 57 37 28 13 49 64 12 54 3 32 66 20 27 36 46 22 9 33 47 34 19 48 55 4 53 35 25 58 30 61 56 62 8 63 38 44 17 45 42 6 2 26 40 11 24 16 60 51 68 59 7 5 29 41 39 21 1 31 18 15 23 14 52 50 69
13 54 26 57 8 47 68 69 16 23 28 25 50 41 11 31 67 36 17 42 1 3 2 55 20 65 66 40 38 15 53 19 10 63 7 43 64 21 60 33 9 27 30 56 34 35 46 6 45 61 12 39 48 59 49 22 29 44 5 52 51 14 37 18 24 62 4 32 58
13 64 14 54 3 8 10 52 50 57 22 67 47 30 23 28 61 2 4 26 38 36 63 25 43 16 51 12 34 48 19 45 69 18 59 49 65 15 56 66 33 60 44 6 68 24 5 7 55 31 39 46 42 9 21 29 53 35 62 32 40 1 17 37 41 27 20 58 11
42 22 64 35 57 7 34 59 29 14 52 61 48 16 17 10 62 66 39 9 26 36 21 27 12 68 51 60 15 31 55 50 45 41 20 65 47 44 18 30 37 54 2 40 3 43 38 53 5 13 8 49 63 25 56 1 28 32 4 58 69 67 46 23 19 24 33 11 6
38 35 22 1 15 53 41 6 16 24 33 4 10 51 56 58 5 43 66 69 37 12 46 34 50 30 23 26 28 9 63 68 14 61 2 13 54 45 48 29 62 19 55 59 52 18 65 20 49 36 64 39 67 57 25 47 44 11 32 60 31 17 21 40 3 27 7 8 42
69 44 38 40 59 66 68 16 55 8 25 64 3 53 62 12 11 49 15 26 14 28 63 37 51 10 67 21 48 32 43 56 6 58 24 20 57 33 18 23 60 17 46 2 36 35 41 22 47 27 9 19 34 5 61 7 42 13 1 65 4 29 50 31 45 30 54 52 39
2 24 22 53 63 58 37 42 64 18 19 8 13 51 50 43 35 55 1 54 48 29 61 17 69 59 6 9 33 49 10 11 15 40 41 5 7 20 52 30 31 28 68 25 66 26 21 14 44 27 47 36 12 62 60 23 65 56 67 39 4 3 16 46 38 57 32 45 34
1 13 20 27 36 18 42 58 56 35 8 25 48 57 16 9 62 46 2 19 34 14 38 67 26 50 49 10 65 30 44 41 4 32 6 31 28 60 5 53 33 47 3 51 52 17 23 22 59 69 66 11 7 15 43 64 55 63 39 45 37 29 21 12 24 54 68 40 61
8 40 19 42 31 15 66 46 12 69 39 60 2 53 7 48 59 35 65 6 34 44 14 32 29 37 1 64 17 11 58 52 57 13 63 62 47 28 27 55 18 50 36 33 25 26 24 9 56 22 68 67 10 51 5 20 16 30 49 38 23 54 3 21 41 4 45 61 43
8 32 61 31 57 49 28 63 18 19 64 48 22 15 37 68 36 20 16 60 45 67 12 26 27 7 2 13 10 58 38 24 41 17 52 56 65 40 44 39 9 59 30 29 35 1 5 55 54 21 34 25 51 69 4 14 53 6 47 43 46 42 33 23 11 50 3 62 66
65 16 67 26 19 62 49 69 32 55 43 17 63 29 34 46 51 5 25 24 45 53 57 3 21 18 6 27 1 64 37 8 56 44 10 59 30 66 41 42 36 40 22 14 2 50 4 58 23 28 7 54 61 20 35 12 31 52 48 13 38 11 39 47 33 9 15 60 68
54 36 24 57 23 8 31 52 26 10 69 65 6 3 32 19 1 49 47 16 37 42 62 56 44 22 14 5 17 2 20 25 55 33 60 28 7 50 13 53 11 43 4 61 27 30 41 48 51 68 21 18 46 29 15 35 9 66 67 40 45 59 38 58 64 12 63 39 34
54 35 67 31 37 66 24 56 65 12 32 14 60 59 46 43 7 63 19 11 5 51 36 29 8 10 21 39 28 38 18 13 9 17 33 49 22 48 25 62 68 6 52 30 34 4 58 55 2 69 15 1 23 44 41 16 53 57 42 61 3 26 27 50 45 47 64 40 20
47 17 34 61 28 29 35 46 52 66 40 39 7 50 44 54 55 1 62 63 4 12 30 3 11 60 41 27 58 32 49 51 36 59 42 14 15 18 67 13 20 68 56 10 2 16 69 38 48 26 43 8 65 33 23 24 6 25 5 57 37 53 9 21 19 64 31 22 45
12 65 34 61 46 56 37 24 5 4 62 54 11 21 41 7 6 26 18 23 49 13 29 35 48 14 28 20 9 31 52 47 33 19 38 40 53 2 60 30 63 69 51 68 67 55 25 59 58 44 36 39 45 16 3 57 1 43 17 22 8 50 42 66 15 27 64 32 10
55 67 23 54 8 24 48 64 34 58 47 7 60 42 21 18 56 22 51 36 29 17 13 46 62 38 49 31 65 69 43 16 3 19 45 53 66 44 28 14 37 61 57 11 27 10 26 41 33 1 25 40 20 59 30 2 9 5 35 52 68 39 32 4 50 6 15 63 12
53 28 47 32 54 24 14 37 67 42 48 6 3 23 9 35 8 15 60 56 38 61 30 22 55 62 18 66 58 20 10 64 34 63 11 45 40 2 41 27 1 29 68 21 25 19 49 13 16 57 52 44 17 33 59 36 26 46 31 39 69 12 65 5 43 51 7 4 50
45 3 10 40 15 5 24 66 68 11 36 28 50 32 39 43 27 58 8 60 16 59 57 6 63 54 41 52 64 69 25 56 18 30 38 62 4 55 22 9 48 14 2 31 13 42 37 7 19 49 29 1 35 21 44 26 65 33 23 51 46 53 61 12 47 17 20 67 34
40 50 41 43 14 5 35 11 54 22 63 61 21 28 19 10 25 17 15 46 57 7 18 39 8 56 66 60 4 47 65 38 3 68 53 27 1 59 34 58 32 42 6 44 52 55 48 67 12 45 36 51 16 69 62 26 49 31 13 24 64 37 23 30 9 2 29 20 33
44 61 2 24 59 18 52 63 17 35 20 39 48 37 4 26 6 47 21 38 5 11 15 43 46 55 9 12 28 45 7 42 10 53 16 65 27 32 3 30 8 68 36 54 25 66 64 57 31 23 13 51 22 34 29 69 33 14 19 67 62 49 1 58 41 56 40 60 50
5 2 62 18 28 8 27 29 44 46 56 37 1 67 6 69 7 20 59 51 14 42 54 41 53 4 45 26 10 48 23 22 66 60 49 34 11 57 40 47 64 39 16 12 32 17 35 9 30 25 24 19 31 21 36 58 55 3 43 61 15 68 65 63 33 52 50 13 38
49 17 11 7 42 23 59 55 63 26 13 2 51 28 6 3 1 4 50 12 68 48 37 18 46 35 25 36 39 20 16 19 58 30 60 10 22 14 62 43 52 64 67 57 66 44 47 45 21 54 38 34 65 32 56 5 27 31 24 33 8 69 41 40 15 9 53 61 29
17 9 21 63 69 49 13 34 47 27 25 33 26 50 67 23 16 3 7 35 15 53 4 58 68 1 66 11 20 59 22 55 62 51 18 36 5 19 43 61 30 14 42 6 29 57 60 2 48 44 8 52 24 38 12 41 28 64 54 65 37 10 40 45 46 39 56 31 32
41 12 2 34 17 61 27 38 51 19 28 60 18 67 47 46 66 50 30 42 64 35 31 4 57 53 36 45 55 37 25 5 21 32 22 6 49 43 20 65 54 3 69 8 1 59 11 16 29 39 44 13 7 58 52 40 63 48 33 26 68 15 62 9 14 56 10 23 24
50 62 60 36 48 69 4 27 45 37 22 46 33 68 25 29 30 12 3 44 58 18 42 2 23 61 28 11 57 53 7 49 65 41 40 24 26 32 17 20 47 34 31 38 16 51 55 15 63 21 14 52 59 1 5 6 39 8 64 19 67 35 9 54 66 56 10 43 13
51 36 20 59 8 14 22 32 66 12 18 3 24 11 19 54 53 25 38 29 67 21 45 7 42 27 56 60 1 6 9 61 58 39 31 65 48 13 23 49 47 37 4 33 57 62 46 5 17 2 30 44 41 43 52 35 10 28 69 50 15 26 16 63 40 55 34 68 64
35 57 55 25 13 18 17 60 68 63 28 11 4 5 53 34 21 41 64 9 69 36 43 23 26 40 44 22 14 49 58 38 20 12 61 37 30 48 47 39 19 67 6 56 54 10 8 42 65 32 15 52 3 62 45 24 59 50 1 33 66 7 2 46 27 29 16 31 51
54 51 13 65 50 57 45 29 68 1 38 40 39 59 20 69 48 66 55 16 19 3 58 23 7 43 17 35 44 14 46 10 34 28 32 47 41 21 22 2 31 8 62 15 37 27 56 12 5 52 24 36 11 6 26 67 61 4 63 25 30 33 49 9 64 60 18 42 53
13 29 5 12 1 41 48 26 2 20 69 15 10 45 50 58 44 47 23 19 42 11 39 54 4 9 68 22 37 36 57 53 6 60 32 24 55 14 18 28 52 43 65 38 40 16 31 34 61 62 30 63 59 21 3 8 49 17 35 67 51 46 56 33 66 7 27 25 64
7 21 30 54 59 58 23 65 56 11 47 33 48 18 39 41 9 35 16 37 43 13 26 44 12 14 2 46 19 52 34 61 25 38 15 50 4 66 27 28 3 1 5 60 29 69 51 55 42 62 24 45 64 31 40 17 8 63 67 20 53 36 6 68 49 10 22 32 57
64 2 43 34 33 29 22 18 46 37 38 58 66 19 20 8 32 1 23 50 7 12 25 15 26 14 53 56 63 35 60 69 40 42 68 13 49 27 6 11 36 4 9 24 55 59 47 44 45 57 17 41 62 39 54 16 67 48 61 5 10 30 65 51 3 21 52 31 28
34 40 28 1 58 11 52 7 16 17 13 8 55 2 59 62 63 6 27 22 36 44 49 42 66 4 51 41 47 18 31 25 21 30 61 68 37 10 45 57 67 60 46 69 24 20 50 15 32 33 9 54 19 29 26 14 3 12 38 65 64 43 48 35 5 23 53 39 56
62 2 46 69 26 59 48 52 16 18 53 66 15 65 10 64 44 22 30 54 34 68 45 32 37 38 61 5 35 4 39 19 63 14 11 6 67 56 12 17 51 27 20 23 50 25 60 24 33 21 9 28 36 7 57 31 49 29 8 42 41 13 47 55 1 43 3 40 58
36 18 45 9 1 52 22 58 39 6 44 64 34 66 69 35 21 25 2 10 4 12 48 43 54 51 57 19 50 7 53 62 59 32 24 8 3 26 28 5 40 37 61 20 17 41 60 63 55 23 56 15 38 29 49 68 47 27 67 31 13 42 14 30 33 65 16 46 11
66 13 29 63 35 12 18 53 19 54 14 5 11 3 51 49 28 37 40 9 45 4 59 60 17 1 50 26 55 30 22 25 16 34 61 36 7 20 56 46 32 69 65 23 2 27 6 62 44 39 21 15 68 42 48 67 47 64 38 8 57 10 58 31 43 41 52 33 24
16 34 17 25 1 30 44 53 68 47 40 15 19 7 8 66 21 29 18 43 55 63 4 51 41 49 46 5 6 20 28 56 58 23 57 33 3 26 65 69 11 60 48 10 45 62 39 37 2 22 31 32 36 52 12 13 54 14 61 50 27 67 38 9 64 42 59 35 24
11 2 39 4 3 19 42 9 61 21 63 18 49 50 57 46 38 23 55 30 41 29 15 12 36 40 25 22 58 51 45 16 1 24 27 56 59 34 5 65 44 28 67 14 69 37 47 48 52 68 7 35 13 6 20 26 8 31 54 62 33 66 43 60 53 17 64 32 10
15 37 23 28 32 5 49 51 67 11 61 58 8 13 31 2 22 10 9 65 19 52 54 40 20 14 46 21 53 38 48 60 30 41 63 18 3 50 7 55 4 43 66 68 59 24 12 35 33 26 17 39 1 56 34 29 47 16 69 25 44 36 57 64 62 27 42 6 45
18 40 27 34 28 49 17 41 48 31 11 56 19 10 43 54 26 30 42 35 68 57 63 58 55 44 66 33 37 50 3 22 59 23 9 45 5 16 2 69 25 7 20 21 6 60 47 61 52 12 51 13 1 67 53 46 4 39 65 15 64 36 29 32 62 24 38 8 14
63 15 11 8 14 39 44 17 19 29 27 36 45 52 37 69 32 6 4 24 61 38 43 50 26 58 59 57 49 1 10 67 64 65 41 34 13 40 30 5 16 62 35 56 9 46 18 23 42 7 20 54 47 28 51 60 31 3 2 53 55 33 68 21 12 22 25 66 48
28 33 69 52 67 43 61 41 35 44 50 23 6 65 34 47 11 3 62 24 32 54 66 9 48 68 13 31 18 8 5 42 55 4 26 39 38 12 14 63 16 30 46 40 45 59 15 53 7 17 10 60 25 36 37 49 21 57 56 58 19 20 27 29 1 22 64 2 51
28 56 21 68 27 31 47 6 7 29 17 18 37 5 63 48 69 34 14 11 52 66 58 33 15 43 16 30 12 38 26 57 36 45 49 22 51 53 4 13 41 61 59 60 62 40 54 50 44 42 10 39 32 64 24 46 1 8 65 2 9 23 3 25 20 55 67 35 19
46 63 51 2 47 35 13 40 38 30 42 41 21 1 53 27 11 58 22 49 67 39 69 3 45 12 8 5 60 50 34 20 61 59 44 62 18 19 66 43 56 57 9 64 68 31 4 33 23 28 36 55 10 29 37 24 6 52 26 25 32 16 48 17 15 7 14 65 54
21 16 49 38 68 37 56 50 11 39 57 64 41 69 51 5 10 15 22 54 35 24 44 63 26 27 12 8 17 55 32 36 53 62 23 31 2 34 33 18 45 47 30 28 67 66 40 60 59 52 3 43 58 48 13 65 19 42 46 9 6 29 14 1 20 61 4 25 7
69 49 6 31 55 29 47 50 7 35 10 11 14 51 38 54 48 57 59 28 39 15 66 42 52 46 65 58 4 18 22 17 2 20 61 60 37 43 27 34 63 19 33 8 3 40 56 9 12 25 45 53 30 21 62 44 68 32 64 41 36 26 1 23 13 16 24 67 5
29 42 2 11 59 43 23 34 58 36 48 3 54 14 6 41 20 44 57 69 56 8 68 62 64 22 37 1 31 61 63 45 67 55 33 19 9 10 12 52 38 16 65 39 18 26 25 27 4 46 53 50 66 35 49 30 17 15 32 51 47 21 5 40 60 28 24 7 13
58 10 36 64 41 45 46 67 12 69 49 33 8 50 9 17 1 3 22 4 57 61 40 42 29 43 23 32 24 2 54 44 39 13 30 16 34 11 28 63 18 31 5 27 60 55 53 19 66 52 6 62 59 35 15 26 20 14 37 48 65 7 51 68 47 56 21 25 38
52 11 60 24 61 38 21 62 4 31 1 19 54 55 63 59 64 37 23 56 58 66 8 12 67 26 33 20 7 45 51 2 16 18 30 9 46 34 32 48 28 49 68 50 42 65 3 44 6 53 5 35 15 14 43 40 13 36 29 27 57 17 47 22 10 41 25 69 39
11 56 42 39 15 47 59 52 16 48 35 45 27 57 22 54 9 49 44 26 55 51 64 61 60 33 23 58 24 6 53 34 30 21 32 2 65 37 41 1 36 63 38 7 4 62 66 40 20 69 31 13 28 14 18 19 5 10 25 17 8 46 3 29 67 50 12 68 43
67 5 56 14 10 32 24 57 54 62 37 55 53 7 63 27 12 40 65 31 41 59 39 2 20 45 64 42 47 43 68 52 44 48 35 23 46 34 49 26 6 11 15 1 38 50 4 18 66 22 17 60 28 21 29 61 36 16 30 33 9 51 58 19 8 3 13 69 25
