1 150 187
148 77 36 93 31 52 67 123 78 108 66 16 145 23 8 48 135 89 58 15 85 90 4 110 22 103 5 70 124 109 73 87 69 80 98 74 44 150 35 96 141 86 6 61 17 94 91 92 32 119 24 38 65 53 133 55 60 2 146 30 101 142 104 147 128 75 19 12 100 97 27 138 127 25 125 54 112 50 56 95 20 21 14 121 11 10 59 41 45 63 122 64 132 88 139 76 3 106 7 62 131 115 47 130 116 9 149 144 129 13 49 143 37 126 43 28 39 136 42 114 46 120 117 57 71 18 140 105 79 33 118 113 102 111 82 134 51 1 68 84 26 34 99 40 72 137 81 83 29 107
23 91 102 122 60 29 73 86 81 70 127 8 41 58 100 53 117 125 89 110 98 39 137 20 132 145 106 114 95 103 1 16 111 78 6 61 147 90 27 12 104 135 3 9 15 72 51 68 109 62 40 116 42 66 52 85 97 84 88 82 133 92 69 143 34 37 65 31 126 11 99 19 118 128 17 18 43 63 4 76 123 107 129 113 36 120 44 48 54 96 21 46 74 108 45 59 101 67 22 64 57 134 146 141 87 49 140 26 13 148 83 75 71 56 50 10 138 121 35 142 7 131 5 47 93 77 38 33 55 28 144 115 94 25 14 139 105 150 136 149 130 112 24 30 32 79 2 124 80 119
129 145 24 45 144 52 121 66 70 111 77 141 65 97 41 19 114 139 64 74 18 132 106 92 117 133 60 5 67 43 71 50 146 98 78 63 95 107 16 12 115 73 88 37 17 44 36 134 103 90 109 80 93 1 2 69 138 26 82 28 128 53 140 62 143 72 91 9 55 122 113 96 142 101 118 22 99 10 8 35 126 29 48 56 59 68 149 61 20 33 125 136 131 23 86 83 130 108 110 100 25 120 57 123 27 11 102 148 116 112 4 127 58 87 105 104 76 32 147 85 15 137 150 47 94 38 135 75 119 49 13 3 84 40 7 14 54 124 51 6 81 42 89 31 30 79 39 21 46 34
41 3 142 61 87 63 19 23 72 53 18 30 145 130 109 54 76 99 77 124 56 40 47 106 42 122 22 39 28 81 94 86 46 32 144 38 58 89 21 118 73 45 115 35 34 136 113 84 112 150 104 64 27 97 74 44 133 37 128 125 15 62 93 117 31 96 139 17 79 92 138 134 71 108 49 25 6 148 60 33 9 107 70 67 98 5 120 114 16 147 78 11 48 26 69 24 43 132 12 75 149 1 135 80 57 52 123 85 66 143 116 121 7 65 82 101 83 36 100 50 4 129 13 20 103 55 59 146 127 126 10 68 131 141 140 137 8 119 102 88 29 105 90 14 95 91 110 2 111 51
127 139 107 42 110 124 50 120 20 43 136 99 41 137 46 55 149 58 132 8 143 87 9 102 72 5 131 114 39 77 14 93 84 90 59 25 122 21 133 103 56 141 40 73 63 74 135 91 16 47 97 104 85 11 147 108 80 36 32 52 126 138 29 64 134 95 61 22 30 118 92 81 105 117 89 53 23 125 98 79 86 88 130 54 13 28 10 44 121 35 37 109 140 123 57 142 112 83 65 82 24 7 26 115 75 18 6 76 34 49 62 17 38 1 66 15 78 67 12 119 150 45 33 48 116 146 19 145 100 148 68 111 27 51 71 128 144 4 106 70 69 101 31 129 2 96 60 3 113 94
144 3 108 1 40 123 84 4 129 23 21 94 15 136 39 46 141 107 106 35 7 105 8 113 11 132 90 93 82 125 61 124 111 5 89 109 37 73 68 98 58 42 138 26 57 131 120 97 114 100 60 127 78 134 149 133 33 45 25 53 137 71 70 34 128 63 66 104 69 122 139 28 29 115 65 76 112 80 135 22 110 50 101 16 10 18 102 9 99 44 74 103 54 126 140 150 92 77 96 6 30 14 119 49 87 24 19 64 12 83 51 56 67 142 31 38 47 118 55 86 147 116 81 59 52 88 146 75 17 62 85 91 48 145 148 27 36 72 121 95 20 2 130 32 117 43 13 41 143 79
16 42 138 100 150 66 18 116 82 91 129 111 58 67 74 99 4 139 109 106 14 21 26 30 114 52 126 44 75 115 11 68 117 112 38 124 55 105 137 127 69 77 57 128 36 32 24 49 46 8 3 25 149 143 107 2 35 148 113 64 45 80 136 97 48 132 50 92 79 130 1 9 81 37 134 15 7 73 123 51 53 27 59 131 17 104 60 78 87 70 88 90 120 121 12 31 47 41 71 119 85 43 6 22 76 146 33 110 135 125 34 56 83 140 86 23 72 10 118 141 95 102 65 20 39 103 13 63 54 94 108 84 5 142 133 145 144 98 29 147 61 93 101 62 19 28 89 40 122 96
76 18 58 82 10 94 131 62 92 1 143 16 48 9 79 83 29 67 150 87 12 63 111 74 95 102 38 41 37 71 127 146 54 32 56 149 118 100 105 134 20 53 104 34 55 78 57 42 6 64 147 140 130 44 145 114 3 123 98 116 90 72 89 8 126 73 24 66 27 22 39 148 47 135 133 137 101 52 86 45 50 26 14 113 128 31 119 5 142 69 141 21 19 35 120 85 81 136 46 77 11 108 36 91 4 99 2 15 49 59 13 117 103 124 80 96 121 65 7 68 40 84 132 122 106 30 125 75 93 129 107 43 60 61 23 109 33 88 25 138 144 115 110 112 17 51 28 70 139 97
123 33 57 26 50 16 14 94 127 76 3 89 53 79 82 32 148 39 97 22 126 24 96 45 8 18 130 49 140 75 62 74 136 48 107 46 150 40 149 65 115 67 104 147 47 81 72 60 69 66 143 142 27 113 109 35 10 100 42 110 116 99 56 9 114 128 21 43 88 137 12 132 91 120 84 121 70 63 51 38 61 80 108 138 102 146 145 17 85 58 31 106 68 59 134 117 90 111 83 95 125 5 13 19 54 119 6 1 98 131 28 141 86 129 7 15 64 55 44 73 41 101 87 4 139 23 92 20 36 71 77 25 93 37 103 30 135 78 2 144 124 52 122 105 133 29 11 118 112 34
93 30 129 115 23 149 22 87 21 95 69 150 45 76 101 141 144 3 16 80 38 9 56 134 59 79 120 50 128 28 126 117 82 107 147 83 143 121 35 111 102 103 104 58 39 130 12 100 136 91 67 37 124 40 8 60 48 65 68 74 119 55 131 1 54 139 42 63 66 46 43 85 127 90 2 13 20 15 81 70 140 123 36 24 18 19 14 51 88 6 72 105 17 49 122 10 148 33 125 75 53 57 25 112 84 4 110 142 118 98 44 7 145 77 71 99 106 146 92 113 31 61 138 26 62 11 137 52 86 108 78 116 27 114 89 97 47 32 133 41 34 73 29 94 64 5 96 109 132 135
132 136 12 2 64 113 147 94 9 66 87 78 20 112 79 7 8 123 99 28 103 108 34 96 140 131 41 33 61 118 52 92 35 127 129 144 69 111 142 31 19 38 48 86 53 102 126 117 21 124 58 18 82 72 24 135 143 44 115 71 89 130 122 134 85 125 25 15 74 23 42 68 91 43 3 133 106 65 63 22 121 90 36 114 56 95 59 137 80 109 84 88 139 104 141 30 105 62 39 40 46 47 55 116 32 98 101 128 45 16 4 83 37 54 13 51 29 145 67 93 17 110 10 149 120 76 60 50 49 100 5 148 146 70 150 138 57 81 107 77 11 26 1 6 14 97 119 75 27 73
92 4 110 25 56 102 14 79 150 3 1 87 60 141 33 89 76 62 143 84 120 22 109 88 113 99 2 34 39 139 8 145 38 81 67 142 28 147 59 47 74 82 6 64 71 66 129 37 105 63 93 90 45 36 101 73 50 111 118 94 13 131 130 86 19 7 112 121 42 31 52 30 85 119 114 127 122 91 124 77 48 108 70 137 78 54 98 133 140 49 41 83 128 16 104 149 106 43 57 5 26 23 116 40 117 35 17 125 96 115 138 68 51 134 21 55 123 135 46 144 29 27 58 75 107 11 32 136 132 53 24 80 18 65 126 9 12 72 148 44 15 103 69 97 61 146 20 10 100 95
53 17 124 108 35 18 46 103 54 33 139 73 75 11 20 66 68 132 14 85 123 16 5 49 56 4 82 144 57 30 135 89 117 37 60 55 69 137 12 67 115 96 59 21 126 41 105 78 64 8 76 145 120 140 111 109 7 72 91 50 24 52 63 10 133 3 146 27 87 34 127 79 113 19 150 131 125 42 147 100 121 94 101 65 116 25 143 23 61 44 134 81 31 83 58 2 119 107 40 130 36 149 32 71 118 77 122 13 142 45 93 98 112 39 136 92 104 148 6 95 102 110 114 141 15 138 129 88 47 84 22 26 86 43 80 106 70 1 38 99 51 62 29 28 90 97 48 9 74 128
94 45 103 55 6 148 37 61 16 106 141 75 139 33 67 5 88 36 23 72 53 147 17 127 93 132 2 60 131 7 68 112 82 140 77 120 87 119 99 1 85 100 29 69 83 20 125 27 102 134 4 46 54 126 91 137 9 84 81 44 79 130 22 56 78 41 114 14 97 10 135 89 104 92 50 30 146 133 121 24 19 59 13 15 150 86 108 38 11 80 49 123 42 143 96 26 43 12 40 58 138 8 52 70 90 51 71 35 105 63 73 118 39 129 117 107 111 113 3 124 128 98 142 48 136 95 66 144 101 115 65 116 74 122 25 34 18 28 57 109 76 145 21 110 62 47 64 31 32 149
113 81 103 19 131 138 51 94 86 12 80 130 48 53 27 140 44 41 56 4 62 110 54 57 40 121 1 115 105 64 146 149 39 127 70 18 71 67 125 99 135 23 32 119 132 124 116 126 129 5 68 43 82 90 111 145 114 141 3 24 122 33 139 123 96 36 102 61 136 112 15 133 34 26 25 59 101 73 117 134 20 147 17 104 128 52 118 16 75 95 10 8 144 87 76 77 78 58 60 22 107 91 42 63 109 98 38 66 85 148 84 7 50 11 35 92 100 142 9 93 55 88 120 37 79 6 45 74 83 108 89 46 49 65 2 28 13 30 21 143 29 47 72 14 69 150 106 97 137 31
76 27 7 148 102 130 48 121 58 20 97 139 68 82 18 98 90 107 140 57 80 133 72 96 26 108 143 79 122 92 22 120 134 6 38 150 17 56 104 59 138 66 87 63 13 124 44 35 49 50 67 149 123 19 77 70 8 94 74 145 10 93 109 103 137 119 28 110 132 25 106 89 34 2 69 31 24 129 115 71 54 53 113 9 3 29 47 127 136 5 86 128 61 144 135 88 55 100 125 105 21 85 43 4 45 99 52 11 81 142 146 118 95 84 62 91 51 141 75 40 16 33 116 1 36 23 112 73 111 42 147 83 114 39 12 15 46 117 14 32 131 37 101 60 65 78 126 30 64 41
101 76 100 36 52 141 106 33 104 44 118 78 86 46 34 102 112 89 150 127 19 140 14 87 108 71 139 49 63 15 58 43 21 12 107 143 93 85 9 67 94 126 144 22 72 82 59 92 142 11 105 132 119 60 129 128 18 5 81 42 90 66 130 138 83 88 91 55 24 70 4 120 25 26 41 27 17 80 7 115 3 113 146 57 98 122 10 133 23 77 111 37 124 64 136 54 137 84 69 45 73 65 47 31 109 116 62 125 131 121 97 28 148 123 2 149 16 68 114 50 74 79 95 8 39 145 134 48 75 56 147 30 38 32 61 135 53 103 110 20 51 13 6 35 99 1 117 40 29 96
56 120 51 125 108 78 141 25 69 103 90 133 144 45 143 71 37 38 16 127 80 142 111 112 149 95 47 99 91 5 148 100 128 2 139 72 12 35 68 145 43 3 81 150 83 1 131 49 134 119 14 140 98 129 26 146 65 4 107 122 115 105 59 44 28 89 19 34 136 130 62 61 126 137 63 147 50 60 10 124 106 53 118 58 88 77 9 52 39 97 13 64 138 132 11 33 55 27 21 101 23 46 31 6 20 36 93 24 87 79 84 116 82 110 76 48 18 74 8 86 104 113 135 17 15 41 22 30 66 102 32 123 57 70 94 40 42 75 29 92 109 121 114 73 117 54 96 85 7 67
123 128 142 69 114 97 140 76 8 137 110 80 34 133 113 99 27 111 1 2 131 25 84 136 130 14 39 46 73 68 42 75 104 135 30 4 149 16 18 60 55 67 45 17 90 122 44 138 116 78 118 21 64 96 88 143 62 10 115 100 107 70 9 74 141 29 132 13 65 19 28 32 81 146 83 49 108 63 101 124 11 112 3 26 36 51 33 57 15 117 61 50 22 40 23 89 24 52 31 139 93 7 79 134 129 91 5 56 20 103 95 92 66 59 37 48 53 106 126 145 144 125 86 72 102 71 43 121 98 6 148 109 105 77 85 120 119 87 35 38 41 150 54 82 12 47 147 58 127 94
92 13 31 96 5 111 73 94 89 17 115 42 91 138 113 27 35 12 132 112 139 6 36 44 137 71 8 26 33 18 98 120 43 127 144 29 84 65 25 87 104 46 129 150 135 76 39 81 142 90 108 99 28 60 56 51 131 83 9 67 72 121 110 52 128 57 3 24 40 133 93 63 116 105 16 148 123 124 10 59 69 50 125 15 22 23 55 88 41 62 103 143 107 77 20 21 117 114 45 149 106 130 134 74 118 122 119 14 145 4 102 100 1 2 66 82 58 11 64 47 19 147 95 140 49 37 80 32 7 68 70 136 48 146 141 30 86 78 85 75 53 54 38 126 34 61 97 101 79 109
100 41 72 29 137 107 121 103 88 38 77 55 42 127 131 90 82 12 125 18 36 49 138 74 146 16 31 120 112 96 133 60 150 66 30 65 2 73 135 113 7 116 22 142 108 102 123 56 141 93 80 48 122 23 81 17 130 119 111 94 83 91 10 84 52 32 3 35 26 14 21 19 76 105 99 44 132 126 27 87 101 39 28 53 89 145 114 62 97 37 117 98 15 85 51 86 40 95 45 124 8 148 92 67 115 5 149 69 24 134 104 61 143 68 59 58 139 64 11 118 147 34 63 140 46 57 13 54 4 70 75 128 71 50 20 110 33 144 6 43 136 9 109 79 1 78 25 106 47 129
134 70 72 36 47 132 64 119 87 26 57 136 51 13 110 140 92 148 108 117 43 11 44 14 48 9 146 16 18 1 52 7 139 127 143 80 83 99 116 42 138 8 94 76 63 38 111 2 24 145 6 106 20 141 95 10 144 17 97 121 15 150 102 62 56 77 75 137 68 58 113 126 89 135 91 25 59 30 79 60 21 50 149 81 107 67 100 61 33 69 45 29 147 23 142 90 82 101 98 85 73 124 105 65 31 22 96 78 37 32 115 54 84 109 41 112 128 12 28 114 118 66 40 103 19 46 55 123 39 74 71 120 93 5 53 4 122 133 34 125 131 86 104 130 49 129 88 35 3 27
4 83 141 55 44 11 106 136 95 12 133 150 90 21 22 112 41 63 68 97 33 32 129 87 61 40 82 143 3 124 53 131 66 120 138 137 7 5 98 142 20 59 86 75 80 96 35 78 28 92 145 107 148 146 117 81 25 139 84 70 109 104 65 125 111 38 144 123 54 91 89 49 15 67 13 147 48 36 62 119 69 27 72 102 101 18 132 100 42 99 130 79 128 105 73 19 43 50 46 71 127 115 121 64 1 103 93 10 2 60 85 94 149 17 45 30 14 57 23 29 24 77 122 16 47 113 134 76 108 58 116 114 6 135 118 51 126 9 8 37 140 34 26 88 74 39 31 56 52 110
70 53 52 31 25 5 40 86 133 47 146 2 27 92 22 100 149 63 87 130 7 135 81 17 122 106 148 69 29 50 34 109 108 68 33 97 112 3 129 14 64 11 120 77 84 131 44 16 61 30 57 10 115 96 101 144 93 19 114 98 24 35 145 142 54 80 104 85 111 9 139 126 21 32 49 62 121 67 110 83 39 79 99 56 13 76 60 113 147 43 107 102 55 1 45 72 23 58 36 82 117 8 124 4 150 41 132 59 15 65 140 20 74 75 26 136 91 90 123 143 105 46 48 141 95 42 28 128 12 66 89 137 38 6 51 88 73 116 103 127 125 78 134 118 138 94 119 18 37 71
119 131 10 3 149 51 35 20 89 150 148 147 80 92 143 31 87 8 9 145 104 62 69 124 23 34 39 55 139 132 37 17 41 141 79 114 21 127 6 49 70 82 26 58 68 115 134 72 96 74 81 107 12 22 110 45 136 85 52 86 14 32 73 16 11 59 144 71 77 76 113 88 61 101 135 54 83 1 50 15 7 28 30 121 108 44 98 65 111 29 5 27 146 138 91 33 128 13 38 18 100 142 125 24 140 63 95 99 106 84 112 116 105 57 90 133 93 36 25 42 118 129 43 66 60 75 2 120 97 102 130 56 123 4 117 78 67 122 48 103 53 137 40 126 94 109 19 46 47 64
78 117 18 147 27 74 115 32 122 8 62 68 70 21 134 92 110 52 9 124 150 12 16 128 107 87 96 11 109 94 4 82 132 25 75 49 140 50 51 66 138 144 85 55 19 40 146 143 14 142 100 103 28 84 42 102 105 47 137 129 1 7 113 67 83 125 10 136 15 71 44 61 20 48 118 79 111 126 101 145 72 54 149 58 106 119 73 98 120 90 114 36 22 95 139 57 60 130 65 30 34 46 64 43 88 39 41 93 24 17 89 59 63 29 76 116 112 6 5 133 104 45 127 3 69 53 97 2 23 38 81 99 26 35 56 131 148 33 108 86 37 80 123 141 121 77 31 135 91 13
140 87 93 120 53 2 131 110 54 139 86 149 105 89 98 29 107 50 145 125 130 16 96 43 30 128 39 147 33 81 101 12 10 109 146 40 62 27 42 79 25 111 32 8 135 90 67 116 71 18 57 144 92 117 108 118 15 85 100 51 114 26 56 66 75 150 132 6 5 65 141 34 70 134 94 142 4 44 37 14 69 136 21 17 84 61 102 59 97 63 64 112 72 45 3 68 55 52 78 133 126 119 77 95 38 7 122 49 148 58 91 99 129 123 47 23 24 74 19 104 22 20 35 73 137 41 82 9 31 113 115 48 88 83 46 124 13 121 106 143 28 11 60 103 127 1 138 36 80 76
74 124 49 24 44 85 86 79 39 144 93 6 88 75 125 115 2 26 111 139 114 141 14 108 64 113 51 32 17 3 135 119 117 138 70 29 55 21 94 54 150 15 18 31 7 90 52 98 40 41 38 142 30 128 116 56 65 12 5 149 92 91 81 9 127 118 101 61 47 57 121 83 76 28 78 143 68 35 96 148 33 71 147 36 133 43 4 77 105 89 106 104 73 53 48 82 87 58 66 69 45 22 134 103 109 46 130 37 62 16 146 136 131 120 42 10 95 132 126 145 80 129 84 102 97 122 99 123 59 72 20 25 19 8 50 67 13 23 100 110 34 112 27 11 140 1 137 107 63 60
35 116 42 21 20 90 72 52 32 19 137 61 134 107 40 34 29 47 98 24 70 139 9 25 136 119 79 128 123 2 30 91 16 106 82 146 46 60 104 121 37 122 18 65 87 17 74 105 112 111 113 80 36 62 78 118 63 150 3 13 73 85 15 86 66 53 59 75 71 93 109 100 14 67 126 44 58 133 55 43 88 124 94 81 110 127 95 108 69 130 26 102 41 22 38 54 1 89 145 138 120 57 144 149 99 96 7 45 11 140 33 77 129 114 23 6 97 84 31 27 76 8 28 103 68 12 92 115 4 131 135 125 51 56 147 148 39 83 50 132 142 10 143 64 117 5 49 101 48 141
105 44 81 33 56 50 111 145 70 113 43 130 144 127 41 37 115 91 52 143 103 27 112 2 29 84 138 28 4 11 69 74 78 59 97 141 57 54 110 53 62 122 76 68 119 77 75 9 88 98 82 126 71 108 12 18 131 8 87 49 94 6 17 135 129 134 65 104 106 140 92 32 40 10 19 24 142 148 123 13 25 20 80 83 96 101 15 150 85 107 7 118 64 60 90 16 61 124 55 22 93 14 5 72 67 35 21 63 79 120 42 66 128 46 121 38 86 26 147 139 30 133 132 23 102 89 34 48 117 136 137 109 116 149 3 47 51 73 99 45 39 100 95 125 36 114 31 1 146 58
16 105 74 85 130 112 107 120 125 137 29 21 15 53 117 40 6 104 5 135 73 138 78 65 133 1 51 70 19 123 60 10 93 49 76 116 121 86 55 113 72 90 136 96 7 42 44 115 11 26 142 34 56 20 102 150 68 64 127 79 50 35 24 114 59 118 131 144 99 75 80 41 146 119 13 145 100 69 27 12 87 48 141 111 54 132 22 95 9 30 23 33 3 98 109 4 101 143 63 110 17 108 45 126 103 31 77 2 97 92 122 37 67 36 128 89 18 134 28 129 149 8 140 61 94 14 84 25 58 66 47 139 57 71 83 148 106 124 91 39 147 43 32 46 82 52 88 81 38 62
59 82 14 84 13 77 17 130 141 110 64 81 26 87 137 76 89 16 33 120 39 97 70 2 55 92 147 124 56 102 19 21 37 42 145 91 108 119 83 93 32 67 128 23 41 63 3 40 38 122 15 143 107 144 138 78 11 106 54 27 142 80 148 111 8 117 9 73 133 79 123 114 116 71 115 139 69 98 29 34 49 85 45 12 112 30 103 134 7 60 105 126 1 62 31 100 48 132 46 94 5 99 10 66 127 58 129 4 121 118 104 131 101 24 50 125 44 90 57 75 88 35 6 150 149 140 53 52 43 109 36 61 20 74 135 96 68 95 113 28 72 51 65 86 146 22 136 25 18 47
103 108 29 21 35 132 68 55 33 7 98 101 123 70 130 100 150 146 46 86 95 117 78 57 93 50 110 115 52 30 76 67 4 120 96 118 28 114 13 85 143 37 88 136 41 14 63 23 47 141 39 102 54 97 128 81 20 69 89 18 106 80 137 61 44 24 124 65 126 60 71 105 92 122 119 8 111 148 75 74 64 112 94 145 5 56 48 62 91 59 99 45 49 11 90 133 3 12 38 58 27 66 26 125 51 53 139 131 6 2 121 87 140 17 31 134 73 147 138 19 15 43 107 77 10 135 83 72 109 144 42 32 142 127 40 113 116 104 79 22 1 149 34 82 25 84 129 16 9 36
56 77 32 146 36 132 139 9 57 63 129 90 72 123 41 20 81 42 51 52 148 2 13 38 43 86 113 10 50 8 65 3 101 48 117 118 89 128 138 83 49 61 78 22 114 11 103 16 144 115 143 125 145 102 110 95 45 60 68 29 17 40 85 33 147 119 66 137 126 53 59 62 106 104 94 69 133 88 18 58 34 122 21 64 136 130 112 87 76 111 23 67 84 127 96 19 26 14 79 98 75 39 15 150 131 99 37 121 7 91 44 1 5 71 25 134 27 80 28 6 107 47 73 46 124 55 35 24 30 116 74 140 109 120 108 105 4 12 31 97 92 141 93 149 70 142 100 82 54 135
123 102 100 54 82 76 57 2 16 59 53 20 11 116 27 14 88 109 147 94 131 67 80 135 12 6 42 90 85 29 129 124 17 36 119 144 134 143 44 3 110 25 75 7 50 48 30 81 92 26 55 22 23 142 21 52 139 63 89 5 86 1 93 62 66 106 68 97 113 141 117 91 19 96 40 41 98 71 126 128 8 150 69 145 105 132 31 115 120 148 137 118 28 125 4 99 46 10 72 136 39 15 78 121 60 38 24 43 140 32 149 108 87 74 37 49 122 45 103 35 58 127 95 73 130 56 70 84 65 9 34 112 138 33 79 146 47 104 18 61 51 107 64 83 114 111 101 13 77 133
123 29 90 32 40 62 109 31 57 141 78 130 52 19 122 88 59 96 67 34 71 51 45 46 135 94 134 91 139 47 73 10 27 68 35 28 20 76 125 64 97 41 118 102 81 42 21 99 114 124 56 115 36 79 14 119 77 142 63 48 131 137 112 107 101 84 9 50 13 127 1 92 37 53 145 149 110 113 39 82 146 3 148 117 85 60 126 11 143 22 95 61 93 7 2 30 150 106 24 25 111 140 147 33 26 74 121 70 49 66 16 80 69 5 4 54 132 129 75 103 116 12 128 133 87 44 18 8 89 86 43 100 136 55 6 23 38 138 105 65 15 98 83 120 17 144 104 58 72 108
90 66 52 136 111 51 67 96 76 138 126 124 18 7 58 70 109 75 4 27 37 12 146 95 5 11 128 26 69 9 31 49 88 34 40 73 137 148 65 83 45 99 141 145 129 144 1 36 53 106 35 17 38 127 105 108 6 86 16 72 92 60 47 81 46 42 41 32 10 110 62 56 2 82 120 140 112 94 123 50 15 19 71 113 87 57 24 149 3 147 39 33 91 85 54 119 23 130 28 97 104 114 30 142 74 25 102 132 55 93 84 43 143 125 117 100 61 98 103 20 13 68 8 121 131 133 118 80 22 139 135 79 122 64 77 150 14 134 78 101 89 59 115 48 116 29 21 44 63 107
125 84 76 78 33 97 41 148 14 28 115 83 102 134 34 1 5 29 105 10 112 136 12 129 140 127 73 58 92 99 131 52 142 22 82 59 121 20 111 49 63 150 71 38 44 18 109 89 6 137 138 26 9 130 46 65 139 19 70 107 119 45 146 2 126 43 36 7 149 17 66 147 80 35 110 8 104 31 145 13 101 23 30 88 123 114 141 40 77 42 113 24 87 57 143 27 133 128 85 51 15 124 4 79 37 69 98 60 108 11 56 25 86 132 68 122 16 54 120 91 50 144 55 100 103 94 106 72 62 95 53 67 21 32 75 117 81 90 118 96 61 135 3 39 47 74 116 64 93 48
107 88 64 11 9 13 96 127 116 55 70 130 143 29 80 112 20 17 43 149 83 81 84 97 18 77 52 69 124 126 99 76 101 145 141 59 137 148 58 150 10 8 44 111 105 16 63 123 46 87 19 142 129 7 100 5 79 103 23 113 115 125 39 26 31 132 93 128 86 30 54 147 131 91 114 65 41 82 71 144 73 78 49 35 36 98 47 48 133 134 74 85 102 75 90 42 40 33 6 119 136 34 38 146 138 56 37 3 118 110 92 104 61 1 140 4 15 32 53 66 72 122 67 51 12 95 62 14 27 68 24 57 108 117 121 45 2 22 94 109 28 120 89 60 135 106 25 139 21 50
19 49 65 66 138 48 114 27 100 142 112 128 103 96 86 69 45 77 89 101 44 91 7 40 63 64 52 17 130 108 110 133 126 24 14 121 105 120 57 98 34 84 30 2 51 81 16 147 143 58 119 38 54 6 88 129 111 37 33 67 50 70 35 139 55 90 39 62 97 11 113 47 18 61 56 104 68 116 106 140 79 136 148 42 13 149 87 109 53 41 85 29 25 71 8 78 127 123 132 92 12 31 23 93 125 15 46 76 59 99 72 20 150 134 83 5 80 43 144 1 75 145 32 26 10 36 73 82 22 107 102 3 137 146 95 117 115 131 21 141 94 74 135 122 28 9 124 4 118 60
104 45 58 63 35 93 6 64 65 44 70 146 60 31 51 82 140 131 106 142 132 18 91 7 141 8 11 105 143 115 26 144 127 21 72 85 148 4 46 40 80 76 101 43 126 109 103 69 50 129 95 136 107 83 119 145 134 16 117 128 94 111 81 30 137 73 99 139 102 10 88 90 49 57 25 37 28 56 2 97 121 23 112 52 150 15 100 123 59 42 20 27 147 120 24 71 29 32 41 87 114 74 124 54 38 3 36 149 5 110 17 61 118 33 67 48 98 19 75 86 77 53 39 133 47 125 108 9 34 89 138 12 79 130 96 14 1 122 78 22 84 135 66 92 13 62 55 68 113 116
148 75 79 150 3 108 132 100 111 95 10 36 74 28 16 59 17 67 7 19 82 76 109 118 21 105 81 92 5 15 51 113 31 37 97 32 84 62 40 119 56 41 1 50 45 24 93 34 53 131 33 138 145 42 61 58 44 149 8 139 22 14 46 13 121 125 110 115 52 38 26 94 90 85 135 64 39 146 87 134 140 88 101 77 71 104 80 12 144 89 65 96 106 120 112 136 2 141 103 91 107 78 18 55 83 133 117 47 128 86 25 57 35 29 116 27 69 63 73 102 99 23 142 30 72 123 124 43 122 48 66 49 143 9 114 137 70 98 6 147 60 127 68 4 129 20 54 126 130 11
110 9 63 97 67 66 148 46 86 47 29 125 129 50 133 88 6 118 14 12 4 57 62 116 91 150 149 112 114 5 39 137 52 90 23 141 44 13 16 108 79 7 121 51 102 98 35 34 142 115 77 76 94 48 80 126 120 124 24 93 36 107 17 65 26 105 71 28 128 130 131 87 140 20 136 113 109 68 42 56 82 144 2 70 111 31 75 85 127 21 27 119 64 78 54 61 132 38 103 122 123 138 134 60 10 40 3 53 106 84 11 100 117 49 43 101 69 22 74 72 83 139 33 99 135 1 147 18 81 37 95 15 73 96 8 104 59 146 19 32 30 25 41 58 45 89 145 143 92 55
60 91 56 122 20 43 37 82 33 128 104 74 146 131 114 95 113 36 46 112 34 107 103 139 115 3 2 123 98 143 121 14 97 70 81 5 8 90 16 129 147 110 148 54 102 38 52 73 142 85 87 100 32 132 63 69 126 78 94 58 89 66 119 10 111 71 67 138 88 9 49 12 108 55 48 99 64 44 140 93 92 141 19 53 45 149 117 144 40 109 13 1 118 84 125 15 116 25 61 51 6 17 21 80 83 59 137 50 136 42 68 22 11 30 31 127 96 26 150 120 72 75 23 4 133 105 62 47 101 65 35 57 134 145 86 27 76 79 130 106 41 29 135 39 24 124 28 77 18 7
147 133 43 92 10 91 69 120 145 35 132 49 77 148 103 136 15 80 111 131 119 32 93 83 150 5 52 76 89 86 24 122 84 109 123 110 105 56 63 126 28 58 51 1 23 99 8 19 97 82 113 27 130 90 13 29 47 98 50 21 46 140 2 67 115 39 6 75 108 144 102 11 60 30 70 68 118 18 78 149 106 4 3 53 79 128 74 31 104 17 64 22 100 33 7 48 142 12 125 71 129 124 57 62 34 85 37 137 59 143 116 41 73 146 107 87 135 127 16 141 54 65 121 101 139 66 40 81 14 95 88 26 96 9 55 45 42 134 138 25 20 112 72 61 94 36 38 44 117 114
35 20 59 51 14 100 123 49 77 81 43 3 12 66 140 147 44 106 53 78 122 120 8 82 130 145 28 143 24 72 80 57 118 67 61 134 39 129 27 5 47 84 115 95 68 23 15 131 139 121 48 85 92 137 29 87 62 1 97 124 86 133 9 142 65 103 149 102 16 88 55 138 36 34 101 58 111 46 50 117 127 93 56 2 128 22 94 74 75 116 114 41 104 73 7 112 4 144 37 54 42 26 108 141 63 107 98 76 150 11 33 126 148 32 6 135 90 83 146 136 64 119 69 132 30 79 21 60 96 89 125 18 70 25 45 40 10 38 110 113 91 52 17 71 13 99 31 105 19 109
66 84 26 47 37 141 140 72 10 57 58 65 64 110 115 135 101 27 103 85 98 109 6 62 2 16 34 94 54 21 117 35 17 106 38 69 148 96 73 124 29 42 55 79 102 108 71 28 142 53 51 1 4 48 105 67 125 95 56 133 41 93 68 18 59 83 9 144 49 75 87 130 25 76 120 126 137 19 8 89 5 43 14 99 46 113 52 36 127 74 30 88 114 50 147 60 33 139 3 121 86 92 31 112 61 11 39 111 123 90 104 128 12 15 138 91 118 107 78 143 32 24 134 45 100 149 7 146 119 97 77 81 116 63 122 20 23 131 22 70 136 40 150 13 132 44 145 129 80 82
24 109 94 123 56 51 76 87 19 77 10 16 50 41 55 99 12 47 9 79 121 67 73 48 91 31 81 54 145 110 142 125 26 126 133 36 43 53 127 139 64 105 49 150 120 101 38 44 86 149 57 97 45 104 70 80 102 107 65 2 17 147 74 6 5 83 118 23 29 85 111 52 14 59 108 60 18 113 35 100 98 68 95 66 27 61 3 30 135 69 40 82 103 63 22 32 138 122 128 11 134 146 112 75 140 21 143 93 78 114 115 72 28 148 84 42 46 25 141 90 34 71 1 7 136 88 116 15 13 92 129 119 132 117 4 89 96 144 20 8 39 106 130 33 131 37 62 124 58 137
124 115 147 35 16 39 4 5 3 13 65 104 45 106 85 123 19 17 101 64 105 125 141 51 54 114 76 150 77 10 136 59 93 25 117 70 42 55 71 102 144 149 41 137 63 58 110 87 62 26 94 28 119 69 49 7 67 43 96 80 148 129 36 53 22 34 91 111 66 20 23 100 9 130 61 118 138 33 57 30 46 52 109 68 32 134 14 44 31 145 128 133 18 107 24 132 27 29 121 146 12 81 48 83 11 15 127 135 2 84 38 89 143 74 1 139 95 108 98 79 99 60 86 103 88 75 37 21 126 56 92 142 78 47 72 113 90 120 140 122 97 112 82 8 50 40 6 131 73 116
92 114 2 20 104 61 126 23 125 142 88 38 116 50 8 21 122 54 112 93 136 120 149 7 48 117 91 17 11 85 59 128 28 29 73 12 26 95 60 77 150 121 94 96 133 141 115 140 89 76 75 80 97 47 147 137 108 145 43 44 74 22 1 148 144 143 15 111 127 67 90 9 106 18 32 13 131 3 4 27 56 64 139 71 35 39 36 130 72 52 69 49 99 16 6 132 105 66 40 110 41 14 25 124 68 63 129 24 19 70 103 31 37 53 102 109 82 113 55 65 45 46 79 86 84 134 98 138 30 107 101 100 87 119 34 81 57 83 51 42 78 5 123 58 33 146 118 10 62 135
59 130 77 150 21 101 113 41 45 86 19 92 104 2 147 146 60 65 90 75 32 70 87 93 64 144 68 14 1 11 102 7 105 51 89 46 42 131 137 5 72 55 4 124 149 148 107 84 73 133 63 79 80 110 91 100 28 50 97 136 125 58 10 39 145 139 33 74 66 16 8 128 95 36 135 76 114 127 85 47 31 53 94 120 108 24 6 17 98 29 106 82 67 88 49 126 83 81 123 111 122 138 13 34 121 117 57 115 116 62 20 112 99 23 141 54 142 109 3 40 22 37 30 118 44 56 61 69 48 26 134 71 119 103 35 27 18 15 78 38 140 129 43 9 132 52 25 96 143 12
54 121 59 15 47 36 53 126 120 29 56 129 104 114 111 79 78 22 149 27 110 131 83 26 34 139 19 95 88 115 71 55 127 39 74 137 140 107 113 134 16 136 9 31 147 38 112 11 33 40 44 84 14 2 7 1 124 52 30 12 143 103 61 37 109 43 62 123 122 23 77 4 70 142 144 90 94 128 72 51 20 67 87 85 106 5 133 21 100 73 105 25 41 46 8 49 18 135 145 63 148 50 76 93 80 58 130 96 132 82 102 101 141 91 45 117 42 57 75 48 68 17 28 64 118 13 108 69 138 86 10 150 32 99 6 81 35 97 66 146 116 119 60 24 65 3 89 125 92 98
97 99 26 50 58 121 127 77 95 85 104 91 79 21 82 15 133 124 132 32 7 108 59 65 112 90 88 101 8 13 43 87 25 92 68 84 34 149 113 146 96 123 29 11 22 2 69 64 86 142 45 89 125 119 27 126 122 55 10 72 110 16 14 75 143 52 17 128 5 137 135 67 28 33 1 4 116 150 115 76 129 3 35 38 9 145 24 81 44 56 37 46 114 93 40 48 74 106 36 109 19 141 23 118 94 51 71 49 131 136 100 70 20 111 98 117 41 57 148 54 61 30 18 63 105 53 83 107 73 60 12 103 138 39 66 31 80 42 120 130 62 147 6 144 140 102 139 134 78 47
131 5 76 110 100 107 64 92 10 62 32 135 8 21 150 109 30 132 48 129 77 142 26 122 71 103 117 27 43 73 12 87 33 65 89 40 138 22 45 82 46 146 50 63 15 38 23 102 44 139 34 53 42 104 141 114 113 126 49 85 80 25 81 112 14 86 58 115 4 7 75 31 60 18 96 56 145 24 130 6 68 3 52 90 147 20 67 125 55 133 134 120 123 121 29 17 79 78 93 127 16 19 128 72 1 69 118 28 84 111 137 148 37 51 57 99 47 108 97 106 149 91 39 143 35 116 2 9 95 13 98 105 101 54 11 136 144 74 41 88 70 119 83 59 61 124 66 94 140 36
65 69 150 86 99 52 12 23 62 10 143 55 146 70 58 96 7 145 39 49 83 106 18 46 147 144 25 109 139 61 24 43 111 73 80 125 34 104 16 79 67 103 53 78 77 64 5 15 117 130 6 9 75 105 72 136 36 29 107 120 98 50 44 17 31 116 95 114 127 71 140 89 91 115 48 110 40 68 59 33 3 22 108 81 121 124 60 112 118 37 129 11 134 30 87 138 137 1 41 27 94 142 141 56 51 66 113 100 132 119 97 88 149 135 101 128 45 123 54 26 35 21 148 92 19 14 90 63 122 57 126 47 42 13 85 74 2 32 28 133 76 38 102 82 131 4 20 93 8 84
73 71 133 20 88 85 113 112 13 111 28 139 121 82 45 141 33 124 81 125 61 72 96 47 44 30 104 146 32 18 130 118 3 91 31 107 49 2 53 70 57 35 99 131 95 37 145 83 77 134 147 87 105 68 75 27 24 149 93 116 22 136 48 56 6 126 123 69 60 63 117 128 120 1 58 97 65 102 55 59 94 135 76 140 100 36 15 110 34 84 21 51 89 46 11 10 114 54 39 40 12 138 74 92 127 52 50 4 86 115 42 78 101 7 143 103 66 43 19 90 14 16 150 132 17 108 26 142 129 106 38 5 148 119 64 109 41 62 98 80 144 122 25 8 9 79 67 137 23 29
34 130 61 39 15 36 92 79 9 94 143 77 135 117 54 66 136 78 97 60 16 131 114 42 148 132 52 20 11 128 107 91 8 45 51 50 83 12 31 127 146 73 33 84 75 21 23 100 2 99 95 121 65 62 96 13 71 93 7 101 67 103 32 24 70 140 137 44 58 108 59 6 119 106 150 74 102 18 55 105 138 144 29 85 120 90 17 1 87 68 125 49 37 134 69 14 41 35 104 116 4 28 112 56 5 43 133 47 80 89 26 109 64 25 129 10 123 63 110 30 113 141 48 3 82 53 118 98 111 149 22 139 126 145 88 27 72 147 86 124 81 40 46 122 57 76 142 115 38 19
72 3 108 19 17 136 150 36 29 34 1 80 62 65 122 138 109 52 135 118 99 66 64 134 47 93 83 104 126 8 22 57 143 37 124 82 58 107 79 25 81 35 31 32 60 49 105 27 114 121 68 18 10 51 117 84 67 4 13 14 26 141 115 139 128 133 88 86 73 131 20 77 76 100 78 21 97 40 75 98 113 71 63 129 7 130 70 146 16 95 28 46 89 147 110 101 92 6 85 116 91 23 42 94 69 41 103 87 43 142 132 90 38 30 119 61 145 12 111 44 15 33 2 125 59 127 45 137 5 149 102 96 123 50 54 48 74 144 120 11 106 24 9 55 140 39 53 56 148 112
128 64 99 109 33 32 108 119 4 113 73 133 62 107 120 127 78 122 91 114 36 75 2 81 50 80 105 69 98 5 103 106 18 15 100 89 145 49 82 44 63 41 126 124 132 35 148 137 54 130 17 11 142 77 21 52 43 85 13 67 101 97 6 7 29 16 118 92 58 102 25 53 38 51 116 40 93 117 37 31 136 60 129 55 46 10 34 83 112 65 121 125 70 150 59 95 57 23 86 47 104 42 96 45 28 27 74 8 140 79 131 1 30 72 135 48 22 84 143 19 76 115 141 90 134 56 68 87 149 24 110 138 14 3 123 12 146 20 94 147 66 61 71 39 139 111 26 88 144 9
12 124 38 64 78 136 72 148 23 105 103 37 40 104 58 123 137 67 30 61 14 116 45 113 111 126 24 143 92 70 68 39 69 99 112 22 82 31 5 122 50 132 56 142 109 119 95 19 149 101 125 100 51 147 110 13 29 33 32 62 88 79 7 120 71 134 34 2 21 81 49 10 27 107 76 3 18 15 89 48 98 53 59 102 65 1 66 74 85 11 129 9 133 20 127 141 52 117 55 135 28 44 138 16 150 97 6 108 36 130 83 114 25 86 93 47 146 128 140 96 60 73 131 57 46 91 144 43 90 145 8 75 118 41 26 121 84 63 80 115 4 106 35 42 139 77 87 94 17 54
131 117 7 49 65 146 4 33 6 69 96 124 26 9 108 125 73 119 68 134 72 139 29 115 78 71 22 11 46 138 47 90 91 48 100 67 133 83 57 121 15 135 74 132 13 103 122 18 16 110 120 75 50 28 129 143 27 116 97 56 126 136 130 31 55 8 88 147 41 104 51 30 25 35 64 52 80 94 32 20 21 43 54 38 98 95 79 59 42 37 150 144 81 1 12 140 3 113 102 128 63 66 118 24 148 107 93 53 44 123 39 114 58 82 142 92 10 76 77 60 87 70 109 99 17 2 40 137 62 106 101 61 141 19 145 23 85 84 45 105 89 34 5 127 86 111 149 112 14 36
132 13 83 114 92 63 100 137 4 142 86 15 6 23 78 2 62 17 5 32 27 21 70 40 140 28 135 58 134 43 128 101 53 30 8 69 85 54 111 91 141 72 7 65 133 64 61 66 103 113 60 120 42 71 51 143 57 82 3 39 96 146 121 19 106 33 102 109 97 98 38 10 130 129 124 48 148 11 125 50 145 149 41 59 75 138 144 68 88 37 56 16 12 90 67 147 119 76 29 77 36 24 136 150 34 108 105 95 131 45 89 44 20 116 49 31 123 139 110 46 22 84 94 79 122 99 74 18 87 47 93 112 107 126 55 118 25 26 1 81 35 104 9 117 52 115 14 73 127 80
133 14 58 149 4 21 39 18 11 142 141 135 29 15 102 132 62 61 116 73 48 88 49 122 129 22 112 85 38 84 100 89 115 52 134 20 56 119 55 59 67 70 124 138 43 118 30 86 16 72 93 5 46 9 40 13 19 53 60 111 98 131 68 92 130 95 2 12 90 143 108 83 3 101 81 10 109 42 28 87 127 8 99 24 139 26 148 114 75 44 91 31 1 113 94 27 126 145 77 7 106 47 103 45 64 41 54 125 97 17 117 150 65 146 120 147 82 69 104 107 96 71 123 33 6 51 74 25 76 136 137 140 121 50 80 128 37 23 78 35 34 105 32 57 36 79 110 63 144 66
131 16 107 46 57 143 130 134 102 135 69 123 58 43 34 74 36 103 15 113 67 150 20 76 56 116 147 84 122 141 126 25 148 129 7 128 9 5 66 139 86 32 21 121 22 53 112 125 72 97 140 10 68 120 99 19 118 100 115 44 41 39 62 29 106 4 88 27 136 149 89 119 117 146 109 38 101 17 98 64 40 35 6 61 14 73 47 114 133 80 49 71 124 111 142 87 138 33 52 81 92 70 77 51 8 59 96 45 144 90 108 105 50 104 18 85 145 137 11 3 79 127 65 55 24 60 30 132 91 37 63 13 31 26 2 42 95 12 28 48 54 93 78 23 110 82 83 1 94 75
127 100 63 43 46 13 31 40 136 19 106 126 99 71 12 139 104 58 57 22 93 105 78 36 37 118 129 8 112 45 119 47 74 145 113 34 66 1 7 60 95 148 97 122 75 5 133 10 29 138 79 82 94 110 146 111 27 109 141 114 20 25 30 77 147 115 98 17 14 144 6 103 61 72 84 135 149 123 59 26 140 69 134 4 15 39 143 62 56 51 124 24 49 142 80 121 11 107 44 108 125 42 92 55 52 73 21 85 67 130 132 81 48 83 87 76 28 35 86 102 2 90 32 128 88 16 117 91 38 116 96 89 70 54 131 150 101 18 137 65 50 41 33 9 120 68 64 23 3 53
73 26 83 18 65 76 132 49 54 32 77 131 44 16 110 147 100 62 14 137 142 125 148 27 123 52 45 24 6 106 48 86 130 59 33 47 30 109 103 64 71 127 134 38 122 61 92 42 69 84 121 112 143 91 136 35 31 50 75 74 41 66 34 13 82 129 56 118 10 81 85 4 90 60 139 43 8 105 141 95 145 20 97 120 55 101 108 114 63 7 96 146 23 51 124 94 36 1 19 150 133 57 93 79 22 149 12 53 115 111 113 119 39 104 29 135 67 15 116 70 144 78 9 72 21 11 17 89 126 107 28 87 117 99 58 3 68 5 128 140 37 2 80 40 138 98 25 46 88 102
150 88 147 43 14 87 64 97 118 105 47 108 100 117 17 69 54 136 74 29 134 84 20 12 103 10 81 52 23 110 106 36 148 44 48 25 94 83 8 39 76 144 89 63 45 127 75 143 72 71 77 68 56 80 61 9 33 4 131 38 66 62 18 95 7 128 51 55 93 40 41 146 35 113 138 3 60 109 102 129 53 99 115 82 1 145 122 123 46 137 31 30 73 34 124 57 107 2 119 28 126 90 91 6 37 13 78 19 132 70 116 111 130 67 26 98 27 120 24 59 85 21 140 92 11 139 22 49 79 16 135 101 142 58 141 104 121 50 5 149 42 112 133 125 32 86 65 96 15 114
45 97 14 8 24 140 107 20 68 48 7 16 93 54 135 58 2 25 13 139 31 111 51 61 50 33 84 32 83 27 19 53 69 116 18 122 22 35 26 65 131 73 123 47 143 138 52 113 29 74 137 15 6 98 125 66 128 80 130 150 55 3 89 28 134 1 11 59 112 70 133 36 127 126 5 102 117 92 23 72 129 49 115 95 4 17 43 40 119 76 21 39 34 87 110 79 78 10 88 144 77 104 75 103 118 145 44 96 148 147 108 46 62 30 64 12 121 42 57 37 63 85 146 90 100 81 94 67 132 136 109 56 99 82 91 141 71 41 60 86 105 120 114 149 124 101 9 38 106 142
112 19 60 94 97 113 96 148 64 103 131 23 77 51 104 59 86 124 61 135 27 132 119 24 125 80 38 110 100 71 9 21 84 26 88 3 41 16 108 141 128 140 13 99 42 118 78 7 30 29 63 37 62 136 142 143 48 52 11 49 18 44 46 1 106 31 92 2 102 55 50 75 36 138 107 82 70 25 126 68 98 53 14 58 34 12 35 28 17 45 89 93 130 120 87 91 79 54 116 122 133 15 39 150 32 147 8 101 139 66 145 121 129 111 65 6 76 127 33 81 72 149 134 73 123 137 146 114 22 20 117 69 5 57 56 43 10 67 83 4 105 74 40 144 90 95 47 85 115 109
25 90 63 12 108 80 39 64 53 132 45 146 21 42 106 20 128 147 66 1 107 139 50 124 69 123 117 36 65 93 17 101 87 98 115 48 22 140 37 142 150 56 136 137 35 4 133 84 59 61 121 78 60 148 89 5 67 11 23 74 86 19 109 105 40 14 46 70 116 111 131 6 96 103 97 79 122 47 18 126 7 125 100 31 135 143 141 3 71 102 29 144 44 32 62 99 43 73 129 138 82 57 27 130 68 120 51 81 28 49 85 41 92 9 119 2 75 34 10 16 30 8 113 118 127 110 88 15 145 54 134 91 26 55 149 77 58 33 76 104 52 24 72 114 13 83 38 95 112 94
129 133 104 59 79 71 140 142 48 55 76 138 110 86 137 121 128 28 118 56 27 40 25 54 135 106 100 9 95 35 146 96 57 58 13 4 122 45 21 2 50 72 105 42 31 107 119 101 39 112 109 36 124 150 85 90 108 61 77 99 143 82 94 20 75 43 114 130 103 47 81 64 46 69 125 136 74 66 147 63 149 51 73 144 3 127 70 32 15 131 88 89 22 84 16 93 53 120 1 49 102 52 126 8 87 11 113 141 145 26 18 132 12 78 19 117 5 115 97 23 33 38 92 116 6 111 44 62 30 83 29 91 139 60 98 37 68 123 80 148 34 65 14 134 67 41 17 24 10 7
33 79 57 9 41 109 135 45 48 113 134 30 6 4 56 82 119 121 63 37 99 127 65 147 118 106 128 90 36 54 31 126 66 49 18 143 34 46 10 111 58 100 24 102 23 77 60 64 149 53 108 70 120 150 72 103 51 148 91 92 80 3 96 67 38 83 25 40 136 145 55 20 61 87 22 74 85 97 69 95 132 26 75 14 76 52 32 141 125 101 1 42 71 73 68 62 129 139 43 59 105 116 124 39 78 146 17 27 35 44 138 117 29 115 112 93 19 104 94 110 142 140 12 144 122 7 21 47 98 13 28 133 50 131 15 137 16 81 89 114 130 8 2 5 123 88 107 11 84 86
125 137 36 4 17 47 45 35 49 78 149 145 64 104 8 93 113 56 63 136 72 132 26 44 33 90 3 41 131 24 9 31 18 71 130 48 32 27 74 67 58 51 62 106 119 60 92 14 122 79 34 120 83 128 69 138 115 55 94 87 40 112 76 7 65 97 140 89 124 86 133 30 148 23 25 19 96 38 68 118 70 39 150 88 107 134 22 102 121 81 139 66 98 114 10 46 99 1 144 82 141 6 110 2 84 101 126 43 16 91 142 103 37 147 52 135 50 109 116 54 61 29 13 21 57 59 75 73 5 95 123 129 20 28 117 77 85 11 12 80 42 111 15 108 146 53 127 100 143 105
36 80 71 94 139 28 21 78 39 50 114 8 33 44 98 87 32 35 77 141 58 41 82 142 56 51 116 92 85 146 4 3 117 109 81 74 43 47 97 145 66 148 52 54 149 30 134 70 83 129 93 55 67 34 73 136 17 147 100 62 75 9 90 11 122 88 112 65 38 108 22 25 105 76 60 37 125 5 115 135 18 101 110 10 89 53 42 31 124 123 113 26 49 144 86 20 126 1 19 103 120 133 24 118 6 138 143 99 48 68 61 132 27 84 131 72 96 140 46 12 130 119 57 137 7 121 128 16 63 23 64 29 14 2 127 104 69 45 59 13 95 91 150 106 107 102 111 40 79 15
8 21 76 14 39 149 3 88 55 52 120 91 70 85 65 87 128 121 29 108 61 112 117 83 19 98 26 125 113 36 6 74 59 100 119 28 126 43 17 48 40 142 75 11 45 9 129 104 116 56 130 96 133 79 105 37 143 18 51 68 110 23 47 30 60 63 93 5 81 145 7 90 107 22 123 94 34 80 71 148 111 57 50 150 35 62 147 82 58 72 140 115 15 16 1 66 31 25 146 27 89 67 97 42 49 139 2 103 77 4 106 54 64 24 12 99 135 41 137 138 78 134 32 95 101 46 114 38 73 127 10 109 102 144 132 84 122 131 118 86 44 53 136 124 20 33 13 92 141 69
2 149 23 29 80 73 46 137 141 125 139 37 104 17 127 35 133 6 90 66 148 68 10 97 16 67 126 4 65 84 124 130 26 57 43 91 86 13 48 28 69 1 14 96 98 58 116 41 136 82 47 33 111 117 81 59 146 34 61 150 50 138 118 78 121 60 25 102 110 27 45 55 18 15 56 31 76 143 70 132 72 9 20 94 131 145 39 30 119 7 106 64 115 74 51 123 3 8 101 21 22 85 100 120 107 93 54 140 144 42 89 109 113 128 19 40 79 99 95 135 134 103 147 12 71 75 32 142 77 112 63 11 62 38 24 92 36 83 122 88 52 44 105 108 5 49 53 129 87 114
68 14 34 82 25 119 40 79 149 117 22 54 42 130 53 122 88 102 115 5 128 81 28 114 123 92 95 62 4 98 120 38 86 97 45 135 43 33 121 10 107 72 141 61 143 73 118 111 126 57 131 23 7 133 27 93 50 8 112 39 11 63 31 67 78 103 16 110 44 46 85 145 138 37 56 2 15 104 55 32 17 127 35 99 89 132 150 100 129 137 64 96 70 142 125 9 66 20 30 134 75 144 94 18 74 65 87 90 49 24 77 47 146 48 1 109 69 6 108 84 147 139 58 148 124 26 21 136 76 41 71 105 91 13 59 29 51 113 83 12 52 140 36 19 101 80 116 60 3 106
39 87 25 100 68 89 6 61 130 118 120 108 105 140 67 76 72 30 10 9 102 74 32 23 93 50 149 90 94 24 107 7 128 11 145 2 40 66 96 79 121 42 17 34 101 22 58 110 70 64 65 138 46 134 18 133 75 85 4 38 59 47 43 57 123 73 114 80 33 63 51 15 16 147 36 14 129 127 137 88 19 49 56 20 37 1 98 83 116 71 113 99 26 53 84 146 150 12 3 104 31 82 45 28 119 44 124 111 78 8 106 55 97 131 148 48 35 29 54 142 52 86 112 109 126 92 143 5 115 81 136 60 62 13 41 69 139 77 21 125 103 144 117 27 141 91 135 95 132 122
129 51 125 40 23 141 22 104 84 136 19 46 25 36 63 34 145 60 82 67 8 56 44 143 137 27 69 148 113 144 119 43 48 31 92 80 15 6 117 150 88 76 121 114 116 20 28 61 45 21 5 54 87 64 133 140 94 41 115 123 110 96 57 11 65 42 2 91 81 100 139 12 135 146 49 58 10 17 108 122 130 120 107 32 138 16 147 132 73 142 90 99 55 74 131 93 50 72 9 98 68 111 33 7 30 78 83 97 124 105 35 24 112 52 66 38 4 75 29 106 95 134 102 47 79 3 128 86 13 101 149 85 59 103 77 118 26 18 71 37 89 126 70 53 1 127 14 62 109 39
59 69 138 64 47 97 19 12 142 50 40 120 90 88 143 6 86 65 130 70 133 95 29 129 99 11 126 98 10 150 5 137 85 117 119 62 31 22 2 140 26 146 107 35 55 121 67 141 43 78 8 60 139 73 80 84 136 57 37 1 46 3 14 144 52 30 68 24 87 94 48 100 63 131 9 125 96 44 39 149 76 32 75 115 103 123 124 145 91 51 102 41 45 71 72 33 4 21 134 77 15 27 25 147 89 111 114 61 20 42 132 36 82 7 92 101 74 56 135 13 128 108 110 106 16 104 112 79 17 93 23 116 83 18 58 81 105 49 113 127 53 66 54 109 148 118 28 122 34 38
9 75 120 92 144 112 78 125 63 11 52 140 141 80 20 94 67 138 117 85 98 17 108 81 5 31 107 136 148 2 124 71 6 59 102 145 118 30 29 14 87 74 103 38 76 129 133 42 19 10 72 15 55 70 69 83 68 50 110 23 114 122 49 8 132 47 126 150 111 41 95 73 134 97 121 64 65 127 32 40 37 58 137 26 35 91 57 36 90 146 22 27 128 93 113 88 53 62 116 77 21 115 43 46 101 142 18 66 100 1 44 104 56 86 149 105 16 45 39 89 51 7 143 109 61 106 119 3 28 135 34 84 147 24 13 96 130 123 139 99 79 12 60 131 82 54 48 25 4 33
6 57 61 63 89 100 62 140 34 64 106 90 143 15 36 53 50 1 77 25 103 4 150 58 117 17 27 78 119 13 35 37 94 95 132 33 82 98 54 18 5 108 114 121 129 105 74 87 29 133 84 113 46 112 12 44 101 3 32 69 135 39 47 97 125 96 31 23 2 93 126 134 45 138 80 68 102 26 56 130 104 75 43 40 60 146 19 11 127 107 30 22 85 70 59 42 83 79 122 48 10 20 49 7 141 120 147 16 92 8 86 137 81 136 28 65 9 111 76 51 148 142 144 91 55 67 115 149 73 99 21 38 41 110 145 128 139 109 123 72 24 124 88 116 71 66 52 131 118 14
100 90 39 44 74 147 30 43 105 37 33 136 14 78 146 40 12 70 89 126 114 25 60 131 57 54 120 81 139 50 117 58 129 34 51 80 119 86 140 141 116 122 121 134 29 77 23 148 53 94 66 97 24 18 130 46 92 7 143 91 79 22 38 112 47 138 102 88 61 125 128 9 137 41 55 150 16 8 20 4 49 62 56 5 63 107 127 6 123 118 93 101 68 3 52 111 71 76 108 75 99 124 109 1 82 113 135 132 85 73 45 72 28 64 2 144 145 26 15 65 67 95 32 17 69 133 42 48 11 35 98 59 96 13 110 115 149 83 104 31 36 27 10 87 84 106 142 21 103 19
95 123 98 80 97 105 79 6 115 37 113 140 55 23 2 96 148 28 64 107 74 125 7 29 91 134 69 49 133 38 75 130 135 67 85 62 111 77 68 144 83 70 87 90 31 24 136 14 12 101 131 65 129 126 94 13 76 39 137 53 16 59 86 60 114 120 27 10 92 47 40 58 128 9 117 150 15 11 63 122 22 71 119 48 82 145 139 102 127 147 33 93 110 61 100 124 50 41 109 52 43 20 78 42 146 45 44 54 143 121 26 4 142 106 99 21 112 66 19 8 138 17 30 57 88 103 104 141 116 81 149 51 132 72 25 35 32 34 73 108 36 89 84 118 1 56 18 5 3 46
73 32 140 82 113 34 111 49 114 2 78 119 149 47 39 84 69 115 147 21 131 63 108 143 12 11 25 99 54 50 36 13 38 40 42 14 61 33 105 96 98 93 101 125 81 126 58 1 62 141 22 104 107 123 109 15 45 97 60 86 72 19 8 116 52 91 130 77 85 137 106 139 79 59 66 100 90 89 150 120 43 35 76 17 55 135 87 56 3 136 110 65 68 26 94 134 20 133 16 138 128 51 30 103 53 10 95 41 71 28 83 74 27 24 29 129 4 5 46 112 146 121 142 75 102 6 80 92 67 57 70 9 48 7 88 117 23 44 64 37 124 118 127 18 144 145 122 31 148 132
114 143 100 39 25 86 62 16 138 11 148 33 51 119 19 107 98 40 150 92 77 30 70 95 13 55 106 125 22 103 18 6 67 8 110 142 41 14 68 130 5 133 149 141 21 56 38 82 78 45 76 75 111 81 61 2 90 57 1 73 27 88 109 63 65 117 3 146 34 94 101 99 105 79 134 54 132 129 124 104 108 93 147 84 128 72 145 58 120 96 85 71 66 74 44 20 87 112 69 64 102 83 36 12 121 80 48 52 123 140 32 9 4 17 53 31 91 37 135 137 29 7 136 131 122 118 50 35 24 144 46 115 113 47 49 23 97 139 28 26 43 42 89 60 59 116 127 126 10 15
124 93 40 112 134 16 23 82 90 71 35 66 120 125 8 42 63 21 107 30 61 69 97 80 11 28 122 39 101 115 116 25 143 22 58 73 46 7 74 133 118 52 104 65 75 57 67 70 92 54 99 9 48 111 145 34 18 56 19 14 31 59 114 32 87 43 102 149 138 148 140 10 83 106 137 110 45 72 136 38 86 27 15 108 89 132 29 130 51 4 84 5 26 13 33 121 55 127 81 2 128 47 139 103 100 24 146 98 144 94 37 85 68 129 1 12 109 44 3 105 62 78 91 123 53 60 77 141 49 88 126 131 117 147 20 142 41 6 96 135 50 36 76 64 113 119 17 79 150 95
5 42 38 66 147 146 97 56 49 67 144 102 21 121 53 88 94 32 63 25 124 141 44 92 125 39 139 70 22 73 34 10 142 62 130 89 93 16 82 81 61 148 136 40 33 71 4 75 123 116 18 103 135 41 83 105 35 127 24 80 98 122 111 149 27 60 55 57 76 51 31 108 107 101 120 84 86 48 11 65 17 15 143 50 30 2 132 12 126 37 128 59 138 150 113 90 145 96 72 131 129 26 114 95 109 3 110 119 47 45 115 99 64 52 137 29 117 79 74 58 112 36 85 8 46 6 13 78 134 106 87 14 43 140 9 1 100 28 54 23 77 7 68 104 133 91 20 69 118 19
62 70 135 52 8 67 148 39 47 122 44 144 4 140 15 77 2 96 95 32 139 119 23 18 136 115 105 41 147 72 63 76 37 42 74 124 132 27 3 45 10 35 127 48 13 5 102 73 38 81 98 58 131 21 99 101 54 60 93 84 94 71 40 100 46 109 61 108 113 125 1 107 30 66 133 26 17 49 112 25 16 7 14 121 116 97 79 146 138 129 106 91 50 78 145 92 12 57 130 43 128 111 110 33 89 69 88 75 53 19 143 137 141 34 80 118 65 142 59 64 123 6 134 149 83 114 82 55 56 126 51 24 20 87 90 11 103 22 120 28 104 86 85 150 117 29 31 9 68 36
21 42 5 100 111 52 149 51 148 120 68 99 11 31 14 44 84 49 104 62 39 2 33 54 85 97 57 64 32 43 63 109 105 146 144 118 15 20 114 53 129 92 140 113 72 91 112 61 106 46 19 66 103 119 90 132 110 59 134 78 89 26 29 150 23 133 36 124 135 116 80 88 6 13 8 58 38 69 70 60 50 147 65 71 142 48 122 107 79 143 131 136 22 130 55 16 76 93 95 18 83 139 12 128 121 27 25 77 138 127 1 75 30 117 47 74 35 24 9 145 37 123 40 102 17 108 3 45 126 98 115 73 10 86 94 41 81 28 82 56 96 87 141 67 4 101 137 7 34 125
14 9 76 1 18 10 130 95 56 58 55 20 107 148 3 125 104 102 145 44 141 112 51 52 86 63 4 61 65 13 89 32 2 103 92 98 128 8 24 49 57 15 36 47 7 150 31 138 42 118 71 84 17 30 5 133 132 78 144 121 127 46 40 147 75 90 140 73 23 134 80 100 21 111 37 41 45 109 74 48 59 34 16 53 91 97 39 99 119 117 77 101 67 38 94 114 35 81 108 22 120 93 66 26 131 105 143 60 122 135 110 82 106 126 113 11 123 28 139 136 62 85 19 83 142 129 149 146 69 6 29 88 124 33 70 116 87 137 12 64 27 50 115 54 79 68 43 25 96 72
126 138 69 56 92 72 99 119 141 101 123 45 11 26 140 28 13 71 14 32 19 78 16 79 133 85 128 87 122 34 6 46 90 96 10 9 91 25 131 134 132 60 68 112 12 149 59 107 93 118 3 1 139 106 82 39 29 143 145 43 80 30 150 58 67 75 108 110 129 84 136 98 65 22 148 31 7 15 64 100 142 61 146 47 130 116 23 124 104 88 36 113 4 55 20 40 33 49 89 81 38 54 74 44 70 50 109 17 8 147 95 66 77 41 18 37 42 53 57 63 137 135 76 120 83 48 115 51 103 127 94 125 144 27 114 73 97 2 52 62 121 86 111 24 21 102 105 117 5 35
48 5 145 14 75 64 24 52 58 43 87 126 141 119 133 123 3 102 42 29 143 60 140 56 12 148 96 41 85 8 50 116 129 23 67 97 73 99 21 146 68 139 35 120 84 101 149 26 53 92 108 28 76 70 127 31 27 109 103 11 16 69 20 125 81 17 130 106 45 107 49 104 63 132 100 89 7 10 22 131 6 113 36 147 54 40 114 136 150 93 59 46 117 66 142 80 55 4 128 138 86 122 18 90 74 34 15 1 105 72 110 57 62 9 137 82 94 124 25 118 135 32 95 121 91 65 13 39 33 47 83 98 51 115 71 112 38 134 19 77 44 2 111 144 61 88 78 79 37 30
134 54 82 103 89 45 77 83 104 50 36 135 141 126 87 92 12 94 61 44 74 124 98 49 120 136 1 37 52 78 17 137 121 80 146 29 139 40 46 81 3 100 21 76 130 4 47 69 70 58 128 116 138 18 43 105 133 113 79 109 85 13 8 75 110 132 34 26 57 28 59 62 112 2 90 127 99 86 15 22 102 24 38 42 16 91 144 123 55 106 71 147 31 108 118 125 7 97 39 122 68 150 88 101 48 140 143 14 67 25 66 131 148 65 117 142 111 32 107 23 84 119 115 95 53 27 5 64 9 72 129 73 35 149 60 96 10 56 20 11 19 6 30 145 51 41 93 63 114 33
128 144 117 113 70 98 79 51 23 35 136 86 52 110 63 30 94 2 68 36 102 18 21 83 38 9 56 123 28 130 91 40 92 121 145 45 93 129 39 19 61 141 89 99 57 109 22 127 142 71 73 150 8 6 78 111 58 69 44 17 87 42 147 48 132 53 24 81 27 126 80 104 85 49 115 25 95 32 97 15 29 5 12 64 146 43 106 4 47 148 143 20 66 108 14 139 33 10 125 138 62 16 134 3 112 120 74 50 103 77 135 37 59 13 119 101 114 60 137 65 84 107 131 72 82 105 96 122 26 124 133 149 67 76 11 34 31 7 116 54 46 100 118 90 140 1 75 55 41 88
136 121 113 23 119 57 12 140 30 61 145 142 60 6 76 70 17 51 45 125 108 137 93 9 102 21 118 100 40 14 135 56 104 77 73 50 92 120 110 101 8 111 18 67 54 27 144 128 91 150 106 132 52 134 53 1 112 95 86 24 90 133 131 28 82 122 85 78 115 59 37 3 81 148 72 13 89 46 63 68 32 65 147 79 49 114 124 103 35 99 98 55 38 126 39 107 16 80 123 48 2 62 105 26 75 15 29 44 69 96 109 64 36 20 41 149 10 117 71 83 138 146 4 88 47 22 139 127 33 84 7 97 25 116 42 74 141 87 58 66 11 5 143 94 34 31 43 129 19 130
32 1 69 140 8 118 141 37 94 58 66 131 80 91 143 40 87 93 13 55 71 102 20 68 88 52 49 4 139 110 29 22 15 108 145 3 24 120 132 137 63 76 31 136 127 96 133 134 125 7 112 144 89 81 114 44 147 65 16 122 135 148 21 28 43 67 75 47 38 107 26 59 78 142 36 105 79 103 19 14 30 27 99 60 150 111 48 2 83 57 6 11 146 92 130 116 74 51 100 17 123 54 86 10 85 115 46 61 53 5 50 72 39 34 117 9 84 95 101 23 128 124 25 45 42 35 33 126 62 104 18 97 90 12 77 98 149 64 106 109 138 113 70 119 73 56 41 82 121 129
2 101 127 13 124 61 50 102 118 123 27 119 80 73 31 112 146 106 76 113 7 57 18 82 95 148 84 87 91 29 10 55 99 98 131 32 135 38 147 28 139 132 114 70 117 17 54 65 121 97 11 60 93 144 14 142 49 137 62 89 58 141 43 143 39 122 26 68 94 109 23 45 140 77 30 53 145 90 128 51 22 56 15 47 100 4 107 5 8 34 85 66 25 12 46 133 108 126 149 9 104 37 69 138 86 41 79 40 136 75 71 21 3 33 42 150 103 129 83 74 116 64 36 35 120 96 20 52 72 134 48 110 105 63 78 67 115 44 6 24 16 19 125 88 92 111 59 81 130 1
133 65 102 16 138 13 95 75 89 100 122 132 36 25 19 45 93 74 116 112 118 20 120 147 21 62 73 136 107 27 6 57 72 64 26 37 85 44 17 71 28 149 18 46 82 106 115 135 5 29 38 78 88 140 123 131 134 77 55 81 146 40 14 33 110 144 31 70 141 67 109 80 145 60 137 121 39 50 12 53 42 15 96 98 143 35 8 92 43 7 52 32 97 142 87 150 1 66 59 48 91 3 49 23 101 4 30 129 108 128 105 124 127 24 104 103 63 34 41 47 76 10 119 130 125 139 117 114 90 84 58 51 56 11 2 22 99 86 69 68 54 111 148 79 83 126 113 94 9 61
120 36 5 143 98 124 2 104 11 24 12 93 125 133 121 106 146 40 6 90 97 55 140 46 150 141 18 35 128 47 137 88 70 80 83 38 1 130 102 10 113 89 95 72 56 65 44 79 63 19 86 68 7 117 26 78 73 139 103 3 112 129 67 108 118 148 60 33 15 87 115 31 109 69 85 144 92 105 136 75 14 16 126 132 76 94 39 8 74 84 43 62 101 48 57 58 52 116 42 49 127 100 20 135 142 134 66 29 147 59 37 17 41 30 32 13 145 71 25 54 9 119 21 91 81 77 22 23 138 27 28 107 99 123 110 82 131 96 149 4 114 50 64 122 45 111 51 53 61 34
1 131 35 124 50 145 31 133 39 5 22 36 63 126 61 56 127 101 30 23 129 110 4 115 113 132 75 87 2 82 98 85 6 117 119 90 149 83 95 67 44 116 71 19 77 112 146 40 143 135 37 97 70 79 24 12 20 76 100 107 142 125 9 14 121 73 118 105 139 18 137 94 111 69 27 136 66 92 25 57 120 128 55 49 68 86 78 108 60 45 106 16 109 74 58 41 21 96 46 138 17 3 123 10 134 59 130 104 80 64 54 122 51 62 89 8 147 34 28 42 141 33 52 26 91 15 38 84 144 32 7 140 102 11 29 48 103 13 148 114 150 72 53 65 43 93 47 99 88 81
105 139 99 4 27 141 74 69 31 78 52 75 12 70 35 138 42 134 16 147 92 60 119 82 13 54 64 124 136 144 40 20 148 109 56 21 7 117 23 84 133 18 103 58 32 25 38 96 28 143 122 149 66 3 6 111 114 126 50 9 10 45 8 48 125 30 104 81 51 67 106 113 85 41 59 77 47 55 15 57 36 90 123 49 68 95 128 63 2 1 129 65 71 100 62 108 34 120 101 46 79 131 118 146 142 121 24 22 53 17 135 93 73 76 150 130 94 145 89 86 132 97 44 110 80 83 112 5 14 29 39 26 11 137 98 91 140 19 37 102 115 88 107 61 33 116 72 127 43 87
41 30 130 131 141 63 72 104 121 118 45 106 102 95 12 89 15 51 9 1 23 107 61 49 55 143 6 145 21 48 70 68 74 71 54 64 46 78 136 115 126 112 5 80 84 120 81 111 37 85 91 110 31 133 142 83 77 148 119 32 58 79 13 117 144 65 99 129 113 134 57 2 88 90 146 19 38 43 52 7 132 66 8 139 28 149 75 53 69 18 105 114 62 34 4 147 59 17 60 40 16 73 103 92 14 82 135 3 97 150 26 50 87 44 93 122 22 123 140 25 56 20 86 124 10 100 101 67 128 76 116 94 39 11 96 24 125 27 47 98 29 36 35 127 42 33 138 108 137 109
37 75 11 104 129 38 113 132 64 33 49 103 63 144 133 16 74 3 124 127 8 53 43 1 93 101 112 114 137 134 57 142 17 96 52 98 51 147 138 78 14 150 47 125 27 91 148 23 15 143 6 149 28 55 76 110 86 36 21 34 81 119 92 79 13 82 111 70 109 40 83 5 117 62 115 26 39 135 25 122 77 108 141 99 100 121 56 106 2 48 85 107 87 30 66 9 73 120 105 94 139 131 128 46 145 69 61 29 22 44 102 58 54 97 7 116 136 31 130 45 19 59 146 88 126 90 72 118 4 123 65 89 84 12 68 80 95 24 42 32 18 60 10 50 35 67 140 20 41 71
52 29 89 16 150 78 24 101 51 92 147 108 100 4 146 148 14 115 9 66 137 140 111 80 128 3 93 60 112 136 1 105 144 104 8 83 123 131 27 134 54 118 38 55 102 122 117 30 149 141 64 133 106 65 73 62 124 95 35 77 125 61 7 103 138 6 17 74 42 119 69 88 50 11 129 81 79 10 40 109 143 98 22 68 130 113 2 135 70 26 21 44 5 86 85 31 121 15 33 23 20 49 75 48 110 114 59 82 120 34 45 107 58 18 53 72 28 39 96 76 19 67 46 84 56 36 12 145 37 126 57 25 32 90 127 94 139 142 91 99 87 47 97 132 43 71 41 116 13 63
128 45 95 35 86 21 143 66 116 58 4 96 48 76 22 68 72 149 29 126 101 70 54 140 125 65 34 56 75 147 77 39 59 111 79 137 123 71 61 40 114 104 20 133 38 2 27 92 142 50 83 127 36 98 130 57 103 89 12 115 150 131 139 8 60 121 24 112 99 146 6 118 117 28 91 134 73 37 74 15 53 42 109 49 85 19 122 62 136 52 17 78 145 23 30 113 14 82 9 94 10 43 1 84 119 69 41 64 63 106 51 46 129 11 120 3 18 144 5 90 102 135 25 108 93 80 110 124 105 26 141 81 88 13 7 67 148 138 97 100 132 31 47 33 44 107 16 87 55 32
109 1 46 38 69 2 118 117 52 93 141 113 100 85 18 53 12 54 59 73 34 134 102 147 21 57 11 26 87 31 6 80 9 148 50 97 91 139 75 74 122 129 5 35 95 8 108 136 15 142 29 143 55 30 23 132 112 63 106 107 82 133 40 135 62 126 79 33 68 120 10 114 150 25 71 90 140 70 88 84 81 19 125 58 14 83 48 76 36 47 39 77 32 7 67 42 3 146 110 128 111 64 115 56 72 124 149 66 121 45 119 37 41 127 103 51 131 28 27 99 116 49 13 94 16 17 24 43 78 101 89 92 20 130 4 104 60 138 61 96 137 98 123 86 145 44 144 65 105 22
1 44 46 94 131 117 37 121 87 8 83 81 86 84 4 101 88 5 68 42 104 128 52 39 62 51 18 49 124 89 82 120 146 130 11 70 65 24 60 30 58 139 85 114 150 43 145 134 118 59 3 57 72 100 54 79 53 141 95 20 66 74 122 23 115 61 138 77 110 129 137 15 2 14 91 21 140 78 126 56 31 133 136 9 132 34 105 123 67 6 102 40 10 48 92 7 25 109 27 98 17 63 106 97 99 127 35 96 116 144 125 26 32 45 28 12 47 113 75 64 13 69 41 38 50 108 19 36 148 119 112 55 143 111 16 73 33 93 147 71 76 135 80 22 90 29 142 107 103 149
32 145 21 121 40 140 58 112 1 35 149 74 64 131 70 88 20 53 3 69 81 60 43 66 26 7 100 118 84 38 109 104 54 42 122 125 91 11 34 115 132 24 14 114 71 95 134 99 102 22 113 68 41 127 16 45 141 142 124 136 2 126 77 59 110 83 13 108 44 47 65 86 48 150 31 146 30 49 29 73 119 19 80 106 130 67 82 5 37 107 55 129 103 27 4 25 33 12 36 101 63 79 52 128 120 10 123 8 137 117 133 89 76 90 6 15 87 93 85 135 78 97 51 18 23 46 50 105 96 116 139 143 28 111 57 17 138 9 144 92 148 72 61 94 39 56 75 62 98 147
61 104 131 89 64 51 98 134 105 57 1 40 136 3 147 53 148 41 7 35 45 99 112 65 47 128 60 26 84 37 23 11 43 63 140 58 49 107 46 25 126 142 110 5 93 150 117 8 114 119 19 86 76 31 34 141 71 115 4 13 146 69 33 82 10 90 21 16 81 2 129 135 123 44 83 87 62 127 74 124 79 50 133 97 59 88 138 77 139 52 80 96 29 144 18 17 20 106 14 68 56 149 22 6 15 116 137 94 125 143 30 75 12 111 130 145 113 78 72 120 92 55 67 85 132 27 91 32 38 102 42 54 103 122 66 9 101 70 95 39 28 121 24 100 118 73 36 108 48 109
81 15 115 94 122 97 18 113 61 23 98 53 43 28 47 140 111 60 51 50 126 120 29 96 10 11 131 134 57 27 88 117 8 102 46 48 33 78 59 91 116 118 82 34 73 87 63 137 121 86 124 45 108 19 135 142 90 103 110 145 26 79 1 58 22 37 69 24 31 49 130 70 32 38 2 144 127 4 106 13 7 125 65 141 75 77 143 133 55 148 112 21 17 62 12 14 42 66 3 100 109 93 147 68 89 119 36 9 129 107 6 40 39 54 105 101 30 76 35 104 136 52 44 114 16 72 56 20 41 123 149 67 139 83 85 99 74 146 64 84 150 128 92 25 132 95 71 80 138 5
89 78 44 128 45 52 59 138 2 149 106 129 107 143 94 26 12 145 131 25 61 9 125 118 96 19 74 86 108 48 100 5 56 16 117 92 112 91 14 7 103 124 133 141 95 1 17 146 85 135 58 27 88 144 147 139 127 142 81 137 22 11 134 20 114 63 29 30 60 39 93 87 62 28 50 38 102 110 53 97 70 123 82 130 140 54 105 8 132 99 73 120 36 10 6 116 83 121 42 68 136 13 21 79 84 32 126 46 37 49 66 76 75 109 67 80 98 101 51 115 3 122 150 119 90 24 104 65 41 31 111 4 47 71 33 64 15 23 35 69 113 43 57 55 72 77 34 40 148 18
92 117 149 90 58 109 114 4 106 66 16 77 62 131 122 26 121 42 86 135 84 39 23 44 30 130 49 7 96 5 89 28 10 63 126 100 55 139 1 81 43 32 136 125 27 98 52 138 143 50 124 34 133 12 18 38 101 94 9 56 91 20 83 105 147 112 8 67 116 128 65 51 148 59 53 119 129 57 134 24 31 72 99 123 73 35 60 104 137 93 108 48 47 113 29 150 87 107 68 78 64 17 110 95 11 41 127 88 22 120 111 103 69 19 13 2 140 141 6 71 145 25 33 132 76 21 85 40 75 115 15 102 144 142 46 37 14 79 74 36 61 54 118 45 97 70 80 146 3 82
14 125 124 128 21 66 149 70 146 7 81 52 5 97 135 27 121 95 62 32 145 76 123 64 63 134 35 22 45 120 8 43 115 12 88 71 150 73 116 11 25 114 126 104 49 99 53 20 37 143 138 142 113 69 90 133 42 48 23 56 132 18 130 91 41 59 39 72 1 3 148 109 30 136 141 106 79 77 122 46 118 147 51 44 111 67 13 29 80 4 31 57 50 38 129 36 85 82 144 105 9 68 89 103 58 17 84 16 131 117 127 40 24 74 83 2 47 139 60 93 112 102 86 33 15 94 98 92 101 28 10 110 87 137 78 54 108 26 119 34 6 107 140 75 19 65 100 96 61 55
114 1 100 103 108 83 69 146 131 2 142 32 90 5 75 29 44 120 150 129 61 37 35 136 33 115 91 76 53 141 38 137 102 104 140 62 107 125 80 118 19 4 113 72 68 93 97 57 122 71 74 50 84 138 127 92 105 18 40 70 117 143 106 78 7 14 82 13 81 25 96 46 135 16 85 45 8 147 133 88 36 139 21 124 79 77 56 63 43 144 11 73 145 109 28 95 26 148 98 86 112 48 3 15 110 55 27 23 119 20 10 128 39 67 89 58 101 65 116 60 134 52 12 42 149 6 41 130 59 99 47 94 34 87 54 22 51 24 17 64 111 49 31 126 123 66 9 30 132 121
73 45 114 17 67 124 134 111 30 136 61 6 66 106 149 112 44 9 116 125 65 93 70 42 97 60 33 51 84 49 31 62 77 105 130 107 100 117 142 32 40 123 98 101 121 96 48 115 133 85 1 25 131 22 24 10 28 120 2 89 41 7 126 57 110 53 8 35 56 94 76 71 122 88 109 69 3 14 15 80 26 146 141 129 5 78 58 52 46 113 79 86 63 36 150 137 38 75 128 54 19 99 119 118 108 135 83 37 148 64 34 87 90 18 23 132 140 143 20 147 55 16 21 50 74 139 138 59 27 12 29 82 144 92 127 4 91 102 72 145 81 13 103 11 43 68 39 95 104 47
31 52 94 144 101 19 148 85 58 17 47 56 104 114 88 57 53 10 48 90 127 1 111 5 147 76 106 133 40 137 43 134 112 4 77 6 108 62 83 115 13 23 118 33 54 116 143 66 49 150 11 72 50 125 100 21 102 55 39 145 105 37 16 41 113 2 59 27 28 73 138 64 65 46 89 35 15 34 139 51 91 25 24 86 96 141 149 26 107 120 18 29 136 30 38 68 82 42 80 93 67 81 45 71 84 130 70 63 110 95 7 123 98 8 14 131 20 142 87 121 99 146 75 44 109 36 12 78 3 140 60 92 126 74 122 9 61 135 103 22 117 128 129 79 132 119 69 97 32 124
49 138 79 127 46 27 126 26 52 60 12 141 137 86 65 108 81 148 125 117 136 10 20 84 76 132 85 39 111 94 103 102 30 54 133 129 1 90 139 32 88 69 63 124 41 22 92 75 149 43 61 130 104 89 83 140 68 98 121 42 105 142 99 14 47 33 16 5 38 56 78 87 150 145 55 96 70 118 40 134 3 25 100 80 50 107 82 113 31 7 93 8 13 115 57 119 24 36 58 73 15 114 123 71 116 106 112 34 23 131 77 144 21 66 97 120 128 67 146 122 59 147 135 109 17 53 18 2 110 143 51 95 64 4 101 74 48 29 6 44 19 37 62 45 11 35 91 28 72 9
66 130 145 71 13 11 55 99 53 106 136 15 21 102 18 129 72 1 76 90 44 77 80 135 34 107 87 49 141 86 5 91 118 97 137 108 30 125 95 59 132 93 150 84 138 19 122 10 139 149 109 143 94 16 111 60 78 142 58 83 50 38 37 134 43 67 9 42 147 92 61 101 119 51 52 39 126 82 68 113 110 140 2 35 88 148 7 54 64 114 4 32 12 131 74 100 3 24 81 65 62 116 8 124 17 23 25 96 40 79 146 57 98 28 33 47 85 73 104 20 127 29 22 89 112 36 46 31 105 45 27 103 128 6 63 123 144 69 75 70 14 48 115 120 117 121 56 133 26 41
99 36 58 74 81 101 40 137 67 53 112 18 91 125 16 132 122 135 62 149 128 106 13 69 7 126 143 6 23 45 130 115 84 10 145 127 39 118 5 24 30 109 27 64 41 142 98 77 66 120 121 50 1 65 33 133 82 150 134 44 26 20 29 52 8 21 76 94 79 19 108 75 146 72 54 97 35 107 80 2 31 37 117 93 129 90 73 89 17 87 51 102 86 59 123 71 3 88 34 78 60 124 114 105 22 49 15 57 96 83 61 85 140 43 119 148 111 12 103 92 11 55 68 4 47 48 38 14 63 104 141 32 70 95 113 147 144 131 138 116 28 100 139 110 25 136 46 9 56 42
106 104 148 100 119 117 25 83 78 144 109 33 76 91 55 19 42 127 54 123 37 112 29 27 124 136 9 28 65 135 24 142 58 7 88 61 94 31 129 116 105 149 68 72 120 113 111 49 56 16 125 23 71 107 50 45 48 101 17 141 14 86 60 150 1 131 2 39 75 140 80 118 21 41 93 57 145 8 26 63 22 114 38 20 18 121 67 137 132 84 32 44 11 10 13 64 146 102 110 126 77 3 90 6 69 147 81 82 95 130 87 46 79 5 128 89 35 108 51 59 139 30 98 36 62 122 66 15 52 134 73 74 12 53 85 47 103 4 133 97 70 143 92 34 43 115 40 99 96 138
31 61 58 68 125 63 101 109 102 32 85 34 84 87 55 112 11 60 147 133 66 57 72 80 43 138 7 15 54 116 108 139 119 122 120 62 21 76 79 113 6 129 24 132 12 33 5 70 30 23 110 146 95 64 28 38 25 131 20 148 69 143 37 47 127 14 89 59 134 56 121 45 96 105 53 77 9 90 8 51 1 104 48 19 98 67 140 94 114 41 118 40 49 42 73 29 2 27 123 115 75 78 124 137 117 92 3 17 126 100 44 52 22 16 4 88 91 39 83 97 136 145 71 141 142 81 35 74 106 149 93 46 128 111 150 18 103 135 99 26 36 144 65 13 10 50 107 130 86 82
3 129 87 45 59 150 21 27 139 58 62 146 25 9 7 8 40 97 94 1 35 50 135 98 54 82 142 89 43 120 83 136 96 109 41 93 112 75 67 15 84 4 16 143 48 10 24 130 70 119 125 73 100 114 137 108 121 102 32 113 57 68 77 80 6 65 34 133 47 64 141 38 79 12 92 56 2 69 44 33 124 18 42 52 63 19 26 123 86 61 110 29 22 126 101 116 39 78 49 46 147 5 103 140 17 51 138 134 88 23 76 149 128 95 85 106 30 71 111 37 31 145 107 132 115 90 118 127 104 81 117 105 55 144 99 131 148 36 122 91 28 53 20 72 11 14 13 74 60 66
104 64 2 82 95 124 43 40 81 89 24 113 143 57 8 73 138 129 115 85 78 126 22 45 84 106 9 145 63 30 49 128 98 135 6 112 10 94 39 65 38 79 47 16 142 118 34 100 122 19 55 14 139 137 107 132 41 149 86 53 42 52 76 23 56 25 31 75 83 21 136 20 46 102 93 90 4 125 133 110 92 150 71 108 117 130 70 61 48 116 144 36 33 18 60 146 66 54 37 147 32 140 68 11 26 17 1 127 3 119 74 120 80 7 35 5 105 121 62 148 103 77 12 101 13 114 123 67 109 29 59 97 99 15 44 111 141 96 28 134 69 88 131 87 50 58 27 91 72 51
44 31 109 86 26 122 137 89 124 105 6 128 46 92 90 55 21 41 61 64 9 102 125 10 8 141 93 146 116 131 15 37 68 19 38 49 72 32 79 133 59 45 143 134 84 106 71 29 148 76 66 147 111 39 145 52 77 75 108 11 13 33 74 100 144 30 104 119 98 123 114 94 132 70 107 80 40 5 112 47 43 67 51 16 140 20 54 22 135 25 85 42 58 1 88 73 95 27 12 127 62 118 65 101 14 117 110 50 130 56 103 53 91 35 81 129 149 150 34 120 97 24 136 4 121 126 3 18 48 57 28 113 142 99 7 23 82 60 87 69 17 36 115 63 96 78 83 138 139 2
148 8 149 18 101 26 79 60 94 88 65 127 93 136 31 126 85 25 4 67 30 141 19 48 145 104 99 1 81 56 140 62 44 135 34 3 27 33 64 100 74 75 115 15 98 122 108 73 142 76 82 123 41 24 72 61 91 68 17 32 70 150 118 14 97 43 137 28 22 128 138 51 49 121 54 95 134 96 10 84 35 131 132 130 69 103 106 23 46 7 125 90 63 42 39 52 80 58 55 116 124 66 129 119 9 107 16 29 77 111 53 45 110 57 144 13 89 120 36 102 83 87 114 113 37 50 47 86 6 143 2 109 5 21 59 112 11 133 20 117 147 38 78 12 71 146 105 92 40 139
18 64 100 14 78 74 131 75 94 13 9 7 93 69 88 37 149 42 99 143 96 8 90 72 61 81 87 58 49 112 119 89 136 86 34 114 38 91 12 66 56 123 51 43 59 102 41 145 68 60 139 5 121 29 148 105 132 113 140 15 117 76 1 127 108 79 67 138 22 146 150 20 31 97 107 85 2 26 52 110 30 47 142 106 141 144 54 11 109 6 128 98 35 70 62 82 57 111 27 125 16 50 95 53 122 104 24 130 118 129 23 44 28 33 120 80 147 115 134 116 39 46 126 48 10 103 73 101 55 71 45 77 32 17 133 63 135 36 4 84 21 25 92 65 40 124 19 137 3 83
99 98 11 81 4 2 75 121 40 35 67 78 149 12 102 88 6 89 7 82 64 62 58 145 72 104 17 73 19 21 44 61 59 5 139 76 135 37 30 96 148 123 50 85 119 112 87 125 115 71 94 91 43 80 90 86 131 55 23 93 31 60 9 137 100 52 54 130 117 41 97 83 56 124 42 128 39 51 29 32 134 13 127 47 114 92 8 24 3 116 120 63 111 22 136 138 108 49 70 122 46 26 53 25 15 38 118 144 129 16 113 106 34 143 101 109 68 20 74 133 28 48 79 14 150 10 142 140 69 33 84 110 126 105 1 95 65 132 45 141 103 77 57 146 36 147 107 18 27 66
72 82 130 137 51 53 128 116 61 62 133 103 16 140 112 21 4 92 78 8 43 32 80 121 69 144 147 55 87 22 44 54 113 12 132 48 66 108 88 143 49 31 145 60 105 85 134 120 84 146 89 115 3 123 141 91 27 104 99 83 52 24 39 71 11 33 136 125 117 28 109 135 17 6 124 47 76 59 75 110 36 101 77 46 13 58 119 29 131 42 2 95 30 1 25 50 9 107 19 81 74 65 111 68 38 129 150 93 67 97 45 139 122 118 126 148 18 142 34 37 64 5 149 73 15 96 23 40 86 106 20 102 100 98 90 138 14 57 26 10 94 114 35 79 7 127 56 63 41 70
63 44 88 102 133 34 38 114 128 117 72 69 110 36 3 41 54 90 127 107 84 46 123 150 103 68 30 122 60 124 21 135 142 23 70 25 19 76 59 12 95 4 140 138 14 119 116 118 129 33 26 125 92 9 20 11 113 145 87 47 27 83 80 126 89 78 29 67 64 121 15 104 81 49 73 2 97 99 132 106 5 144 45 17 120 39 66 58 43 75 42 48 137 28 77 53 65 139 96 13 18 79 74 143 62 112 136 16 148 105 7 1 111 40 8 109 149 93 98 147 101 82 100 51 55 57 94 22 131 71 31 56 130 86 141 91 50 24 32 37 108 6 115 134 146 85 61 10 52 35
63 8 110 20 65 44 25 33 68 112 67 146 57 93 11 9 136 79 134 137 130 113 36 55 106 69 48 99 139 92 129 105 108 95 61 37 127 111 121 5 35 142 86 149 17 100 27 43 143 83 15 122 131 12 96 16 128 4 77 82 138 62 147 21 80 70 34 31 38 85 19 3 133 26 60 2 72 145 23 73 56 76 144 14 42 103 135 18 114 64 28 123 124 51 22 101 104 39 71 30 24 91 150 120 132 6 13 94 148 47 118 89 117 107 126 54 87 10 115 49 90 109 46 7 75 29 125 88 140 41 81 53 141 119 84 66 59 74 50 97 52 116 45 40 98 102 58 1 32 78
100 113 8 124 45 94 47 99 9 120 21 78 69 89 3 143 26 97 106 132 55 50 133 23 137 75 2 57 41 135 56 116 90 22 114 121 38 142 117 131 33 122 118 101 79 119 103 66 149 62 108 146 134 32 20 129 18 7 70 92 27 28 109 127 87 74 128 25 64 104 42 19 48 126 73 85 17 81 84 86 140 96 136 58 31 91 14 10 112 43 130 93 39 4 125 49 51 150 63 24 34 145 36 77 5 72 59 123 37 65 54 110 46 83 144 147 102 82 44 88 115 76 80 98 16 35 107 111 40 53 6 30 141 52 60 11 148 29 13 138 68 71 67 95 12 139 105 15 61 1
25 4 150 23 56 102 64 113 52 128 70 71 72 21 101 86 35 82 47 92 119 57 61 51 27 1 26 103 123 62 138 7 148 69 89 33 37 108 88 97 112 115 6 109 17 50 49 46 144 48 8 94 114 15 132 149 12 139 87 124 110 10 45 60 85 38 131 136 116 65 3 90 96 9 14 19 74 133 105 93 30 107 129 59 63 83 91 55 54 130 143 2 28 24 141 68 77 142 146 39 127 75 18 106 34 13 44 122 40 73 76 100 135 5 36 111 81 125 99 147 140 66 95 29 145 117 41 79 32 31 42 137 16 22 78 98 20 43 121 134 67 84 120 53 58 80 104 11 126 118
125 94 17 149 87 25 103 60 49 76 13 8 74 142 88 41 80 140 118 86 14 4 63 3 139 121 69 148 33 44 92 62 130 111 116 109 42 115 75 73 39 7 6 122 68 89 126 52 127 70 114 10 23 29 98 124 22 37 108 30 145 34 51 112 20 106 104 136 128 38 1 45 102 55 18 95 61 85 15 64 19 36 59 53 135 66 133 26 58 120 9 144 131 123 90 137 141 72 147 117 2 35 54 134 91 56 40 47 57 99 93 71 46 96 119 12 67 132 24 28 107 138 146 31 84 113 82 101 16 105 79 100 97 48 143 27 32 11 65 129 21 110 150 43 78 77 50 83 5 81
57 123 65 71 63 10 64 37 9 60 114 76 128 148 17 44 118 109 147 125 28 95 149 56 70 30 135 130 54 32 26 1 61 27 20 50 43 106 66 99 108 18 133 110 103 4 142 141 92 139 52 6 96 91 16 51 73 126 75 41 3 72 79 39 58 94 82 31 107 124 88 83 113 40 131 87 138 14 33 90 12 69 59 11 24 127 121 67 81 136 34 21 115 144 84 49 42 15 132 146 53 23 5 116 129 55 150 100 78 117 29 102 8 2 80 101 13 48 137 7 93 74 112 134 97 47 62 104 143 98 35 77 122 119 89 86 46 22 68 19 120 85 140 111 36 105 25 38 45 145
103 32 117 142 126 85 73 119 141 34 54 69 14 24 42 143 46 16 15 4 133 99 40 136 52 74 27 45 137 58 118 51 63 9 12 56 128 129 104 87 43 20 22 110 147 97 2 17 98 11 130 106 48 23 21 135 113 44 5 105 8 35 57 107 13 7 64 70 49 95 25 19 102 77 81 86 59 149 140 93 47 138 26 37 28 145 100 124 76 123 146 61 94 82 60 101 80 18 90 30 111 41 62 39 36 109 3 29 139 148 10 112 144 96 88 66 1 108 114 92 83 55 75 72 116 53 50 38 65 127 33 6 67 125 89 134 150 31 132 131 79 121 78 68 115 122 91 120 84 71
116 144 149 76 71 27 110 109 59 48 146 43 103 65 135 141 61 98 13 33 44 36 100 142 58 67 40 117 54 111 96 140 102 77 85 99 97 31 128 107 112 106 32 17 53 126 35 29 129 145 82 57 136 60 22 10 49 114 37 6 127 69 72 79 70 7 18 132 134 93 45 143 150 47 63 124 87 16 105 68 1 101 30 23 56 78 138 8 19 42 118 119 84 137 28 120 51 104 11 92 94 125 74 86 20 108 38 26 83 115 133 39 50 15 12 41 2 148 4 3 66 25 81 5 89 113 52 64 123 91 62 14 9 24 130 139 73 121 75 46 88 34 147 90 21 80 55 122 131 95
126 72 37 33 83 132 53 103 73 140 13 9 30 135 49 39 95 61 102 81 115 118 122 12 114 141 63 70 127 10 86 84 24 101 134 34 139 93 62 3 65 17 14 26 54 124 75 66 100 76 79 16 31 117 35 25 78 137 51 69 128 64 88 94 68 11 29 52 32 59 55 89 44 19 99 96 150 22 121 28 74 91 50 105 112 2 42 119 27 4 147 120 98 113 56 43 149 38 110 130 77 107 85 6 108 21 60 57 45 41 67 142 80 23 47 87 48 18 15 116 138 125 129 7 20 90 46 104 131 123 133 36 97 40 109 106 8 111 5 144 145 58 146 82 143 148 92 71 136 1
125 23 40 74 19 9 69 111 105 139 98 33 15 92 70 56 64 95 31 4 65 7 51 96 76 37 113 102 36 90 99 131 137 128 127 16 12 145 53 26 88 49 8 79 136 132 18 101 117 11 120 104 143 110 150 20 107 48 144 80 38 140 133 63 100 66 115 59 67 83 42 50 28 27 25 123 77 78 60 94 82 6 86 97 112 148 5 55 106 75 114 41 129 109 147 22 32 1 30 43 119 68 91 29 72 39 134 84 121 124 2 118 21 57 54 146 81 85 44 108 24 10 13 142 73 34 87 116 103 52 126 149 71 58 130 93 138 17 61 122 62 3 45 14 47 35 46 135 89 141
148 49 39 77 20 138 125 25 33 115 108 129 47 141 139 9 48 71 51 90 23 134 6 21 1 45 69 97 102 30 41 89 12 123 95 78 73 70 61 27 43 130 10 147 92 28 40 76 55 63 81 14 143 2 85 133 100 87 57 82 127 96 35 38 132 103 22 66 109 112 145 62 118 50 36 122 59 72 67 65 120 113 3 136 68 128 46 93 99 17 64 24 146 106 79 131 37 26 58 105 124 150 13 110 42 60 144 91 29 8 15 53 19 149 5 140 80 56 104 135 52 11 75 86 98 88 111 116 31 34 126 7 16 121 32 137 114 107 4 142 54 94 18 84 74 44 119 101 83 117
108 9 101 33 79 113 100 125 109 61 105 150 11 51 14 25 49 89 19 116 149 27 39 81 48 102 133 132 22 75 129 145 72 126 21 143 139 38 87 18 50 138 60 82 30 35 45 2 119 140 135 28 40 127 141 106 43 52 32 1 123 98 128 66 53 63 24 15 69 17 144 41 44 46 34 147 58 130 136 71 85 8 54 55 62 4 118 76 110 29 107 36 13 103 122 3 111 91 26 131 65 5 146 94 104 16 99 80 88 114 97 142 84 6 42 137 121 90 83 57 37 74 23 10 78 47 70 56 93 124 31 96 134 77 20 12 73 59 86 95 120 67 117 92 115 64 7 112 148 68
11 123 86 7 116 148 20 45 51 139 25 59 119 78 37 117 144 54 112 137 36 42 95 127 15 118 92 77 94 121 10 135 114 122 136 14 142 57 56 38 83 62 21 129 27 105 145 8 111 64 28 80 149 91 110 23 104 134 44 87 113 33 26 58 50 133 17 108 93 65 48 81 67 22 73 49 126 70 1 109 125 140 101 107 19 43 9 32 5 132 85 35 115 16 131 46 97 34 146 98 71 24 138 61 3 66 29 88 103 130 150 100 143 55 2 106 84 96 30 99 4 39 41 79 6 120 68 40 18 128 102 141 76 82 124 147 74 89 47 60 63 75 90 12 72 52 31 13 53 69
134 75 138 45 8 7 22 140 78 76 123 137 20 23 117 114 40 103 58 91 33 108 150 89 107 68 4 133 41 60 59 30 5 86 51 49 120 21 104 80 70 77 85 44 57 47 110 31 81 48 139 55 46 118 28 3 2 99 127 11 113 16 98 128 64 65 67 24 38 74 93 115 122 42 145 52 143 147 62 12 66 15 34 43 136 71 39 116 119 83 54 96 53 82 124 13 10 90 6 27 148 94 131 79 146 111 18 112 101 106 26 32 84 72 142 9 132 95 25 61 1 149 121 100 109 29 144 69 129 87 37 17 105 92 19 35 126 97 63 102 50 14 135 36 88 125 56 73 141 130
81 1 41 20 72 42 118 11 29 74 80 56 18 46 112 52 126 8 150 87 97 102 139 121 4 38 45 149 100 39 10 54 135 34 17 141 66 65 32 7 26 137 12 44 144 128 71 6 110 82 109 129 57 59 14 30 88 92 27 117 133 50 16 132 99 13 140 64 21 68 2 116 53 90 62 85 43 3 63 15 123 84 115 49 89 113 95 142 24 106 33 58 86 69 120 79 105 125 101 77 134 83 25 61 36 122 111 94 47 91 98 5 145 104 73 37 9 138 108 107 114 31 78 93 19 103 23 35 119 60 96 75 40 51 130 127 67 146 148 136 124 147 48 131 76 143 70 22 55 28
88 124 24 134 61 19 30 38 111 99 29 108 49 133 50 145 115 68 89 36 95 28 97 139 141 112 122 21 31 54 91 22 66 39 13 87 93 131 117 125 56 60 83 65 107 113 146 80 53 73 14 8 106 78 77 138 40 52 132 41 105 127 130 142 7 82 9 20 85 26 57 12 81 64 75 96 58 63 109 18 123 33 100 126 3 121 144 25 67 143 76 90 4 69 79 92 149 129 72 84 48 116 55 118 27 1 86 104 101 74 17 62 6 114 148 43 150 32 103 35 23 94 34 51 44 136 147 37 16 46 98 140 120 135 47 42 11 71 15 45 2 10 5 110 102 137 70 59 128 119
54 73 131 49 51 94 76 30 97 40 119 44 138 71 7 17 11 89 84 50 109 116 57 25 36 86 147 104 98 70 83 43 37 87 122 103 81 52 115 114 59 144 58 82 67 29 125 33 124 129 20 4 117 134 31 132 74 77 96 101 130 32 18 111 63 99 41 34 9 65 95 56 85 66 26 88 133 110 28 92 80 112 102 15 141 38 105 3 107 146 142 145 113 118 148 19 2 150 42 6 62 64 16 126 10 35 100 93 75 13 69 149 127 143 90 60 55 14 140 123 5 61 121 24 21 8 91 39 128 68 53 27 12 45 106 23 22 46 47 72 78 79 1 137 120 135 139 108 136 48
101 68 124 149 89 136 137 32 63 141 86 70 49 102 16 22 150 23 45 20 4 126 27 114 5 26 17 69 120 25 73 13 145 140 18 115 91 129 98 76 53 80 93 84 139 75 71 121 147 72 146 116 79 42 134 50 144 117 97 77 118 130 142 90 52 104 9 3 7 21 112 148 59 28 24 8 94 108 56 61 143 19 133 33 78 119 92 105 109 99 103 31 54 51 138 128 47 106 132 48 81 66 35 29 74 41 83 10 1 38 127 110 67 87 37 64 113 125 82 14 96 15 34 107 11 131 58 95 57 46 85 122 6 100 62 12 123 40 111 60 44 135 39 30 2 88 55 65 43 36
136 1 133 9 61 12 24 37 128 21 52 43 77 3 80 31 58 139 17 93 7 112 90 2 27 76 110 8 120 129 15 104 30 122 67 6 130 13 145 123 149 19 55 26 132 68 11 40 38 98 88 42 63 64 36 124 105 73 116 119 50 144 25 102 143 131 81 107 51 87 16 89 111 35 82 95 20 56 142 65 96 134 125 45 115 34 97 69 84 72 18 10 23 46 14 75 44 146 135 54 28 53 33 94 66 83 126 91 71 92 79 141 62 4 150 32 127 70 103 57 47 22 49 106 85 138 114 5 48 108 109 117 59 121 41 113 74 29 118 100 148 140 78 86 147 39 137 101 99 60
122 102 89 74 141 120 55 28 113 44 130 121 104 138 93 15 127 117 73 8 133 39 118 85 114 43 60 66 47 78 36 147 4 20 1 54 46 146 45 5 109 32 17 111 7 53 2 16 70 131 77 58 19 68 24 149 79 90 83 64 27 72 84 38 108 52 40 11 48 125 56 12 107 26 142 94 31 140 22 135 150 115 82 10 91 33 50 88 76 35 42 21 57 98 137 75 124 63 148 67 80 69 136 116 3 103 92 110 145 129 139 71 112 61 30 29 37 101 18 14 106 13 99 126 87 59 97 123 23 49 105 134 25 86 95 51 143 41 34 6 81 9 62 119 132 128 65 144 100 96
20 140 36 101 144 82 62 15 105 22 114 28 14 136 93 92 76 18 115 117 97 40 119 85 3 50 17 55 86 98 102 91 59 26 69 83 7 52 96 104 139 12 70 30 65 122 138 90 53 130 64 116 6 5 131 112 25 61 113 100 71 150 66 34 44 27 9 121 51 80 11 99 60 89 33 54 19 109 47 135 145 42 141 118 77 57 48 73 81 106 8 4 72 31 126 103 143 41 95 128 108 137 46 35 13 39 129 123 2 79 29 127 87 1 142 56 37 21 133 23 94 107 132 120 10 24 43 147 134 45 75 67 63 149 84 124 125 110 49 38 146 32 16 78 111 58 148 88 68 74
94 95 134 10 110 28 81 16 6 141 55 83 127 121 47 135 1 31 80 91 60 41 144 57 56 45 46 119 19 133 49 149 98 23 97 59 5 74 102 84 124 106 87 17 142 24 79 73 99 21 11 35 18 128 146 126 68 32 14 13 75 85 101 90 34 51 132 66 25 61 63 129 131 62 130 58 105 36 2 145 67 77 115 9 76 114 42 112 27 92 40 148 15 72 138 52 12 30 93 22 4 39 147 82 120 43 88 122 108 118 50 86 140 136 137 111 53 64 44 139 29 109 100 37 125 113 3 71 20 89 38 78 143 26 103 116 7 150 117 107 54 48 8 96 69 70 33 104 65 123
97 88 21 36 124 51 80 73 133 2 105 39 81 140 20 143 4 90 141 129 1 86 6 16 28 128 109 40 50 12 8 26 53 120 56 67 13 69 15 139 114 63 27 106 41 60 92 19 30 61 117 149 84 103 91 68 132 145 110 11 59 35 83 74 29 119 144 52 22 65 121 48 77 99 33 115 46 100 45 134 57 146 55 49 5 76 127 118 54 101 17 108 24 32 70 89 85 93 78 94 66 98 62 147 25 3 111 137 107 95 72 10 142 38 14 122 43 34 138 42 9 96 7 113 64 135 47 125 148 31 126 150 112 136 87 44 18 116 37 102 130 71 58 104 123 82 75 131 79 23
117 18 95 131 30 130 70 13 124 89 79 43 140 108 138 62 66 87 113 116 3 128 64 107 99 105 44 115 67 88 90 141 123 96 42 93 20 111 45 98 126 147 36 127 135 100 14 19 145 139 31 5 55 61 78 136 28 142 121 72 49 80 91 23 81 40 137 21 114 134 33 109 84 77 32 102 25 56 9 63 48 82 12 22 58 26 106 35 57 1 8 41 150 146 94 73 129 59 38 83 104 112 143 2 16 133 125 65 11 54 6 75 76 53 69 27 122 85 17 15 50 86 97 24 60 132 71 4 103 47 101 144 120 92 149 148 51 34 110 10 68 52 74 7 37 118 39 119 46 29
12 141 54 134 112 130 20 138 97 145 109 69 121 124 74 68 14 38 36 60 127 63 1 83 23 107 85 13 40 81 129 99 136 43 93 11 108 106 116 110 118 41 78 119 132 25 51 39 37 105 146 140 72 47 45 48 53 52 75 104 15 144 59 71 26 123 70 42 101 90 3 117 86 150 5 103 19 73 24 128 6 57 149 65 94 16 50 77 18 34 9 30 44 22 113 135 100 58 4 82 96 92 76 98 131 17 33 115 147 46 84 21 64 102 95 88 32 10 87 139 62 8 137 2 49 35 67 122 143 114 125 79 7 56 91 61 27 66 142 126 28 29 120 133 89 80 111 148 31 55
94 38 142 28 114 147 26 63 131 60 92 140 95 20 35 79 145 111 143 112 90 5 96 68 71 106 40 85 100 135 44 133 21 121 10 7 42 101 74 113 36 132 2 93 43 62 17 27 47 23 52 73 78 137 41 72 125 18 87 58 29 39 24 6 134 66 81 99 124 77 139 110 109 70 56 82 144 83 59 13 34 55 76 127 8 141 129 123 19 64 104 117 57 105 138 84 48 86 46 107 22 98 11 67 37 136 122 80 49 12 128 75 108 51 148 33 30 118 97 150 88 91 50 115 9 45 89 102 53 116 14 65 25 32 119 130 103 120 61 15 126 1 16 4 54 31 3 149 69 146
46 139 37 114 80 134 35 43 28 81 23 104 147 84 62 20 39 8 116 113 56 4 17 115 142 117 15 129 7 135 60 144 45 13 10 137 72 69 11 53 76 92 125 93 94 99 96 77 38 98 121 64 58 40 14 119 70 5 73 118 124 71 12 63 47 50 148 132 149 136 145 21 86 146 91 106 97 89 95 101 108 112 25 66 140 105 110 143 68 133 41 55 127 82 120 48 103 57 32 107 3 79 150 126 138 44 2 36 30 85 49 33 100 16 54 34 65 90 88 19 18 74 42 52 27 59 26 31 130 67 78 123 75 83 29 87 122 109 131 102 61 51 9 141 6 111 128 24 22 1
68 16 120 148 23 128 140 52 46 58 123 8 56 5 81 149 20 3 9 84 14 73 103 107 28 80 39 41 57 33 127 115 89 74 24 101 70 90 64 143 65 6 83 34 54 61 110 63 38 77 40 129 94 13 141 150 59 125 7 102 10 76 49 134 45 117 47 27 66 133 79 21 55 50 144 146 2 97 44 138 116 22 60 86 121 71 145 12 72 85 37 51 17 53 75 118 32 100 130 124 106 96 29 62 108 1 137 93 111 135 88 4 119 42 15 131 104 25 95 91 113 18 142 114 78 35 109 98 139 67 19 136 11 48 30 36 132 126 92 43 112 31 82 69 147 99 87 122 105 26
45 68 2 92 57 46 56 67 137 69 102 120 111 129 108 128 117 51 148 106 61 113 101 34 141 90 39 142 110 15 86 23 43 54 40 119 33 123 105 96 89 139 71 133 124 28 55 82 27 138 115 16 18 80 147 149 131 87 48 76 79 146 3 91 99 44 62 1 19 122 104 24 95 109 72 37 63 50 7 150 20 135 83 17 145 12 58 52 6 10 4 42 53 100 84 70 64 59 26 144 74 14 143 130 41 132 81 121 13 49 107 38 21 127 25 78 134 9 94 136 75 112 66 5 29 47 30 85 73 118 116 36 114 11 93 32 65 35 126 140 60 88 31 77 97 8 103 125 22 98
19 51 14 77 136 126 59 142 32 55 91 48 79 23 97 20 61 33 69 128 100 39 117 143 89 110 95 119 92 45 88 134 138 141 62 121 118 90 150 146 47 24 132 85 34 37 148 147 125 1 60 41 10 103 115 5 140 81 123 109 73 102 80 129 2 27 57 11 8 149 133 104 114 12 15 7 124 144 139 36 116 98 65 43 58 120 53 83 74 56 127 54 25 16 107 101 9 111 44 63 40 76 49 93 94 78 105 135 112 29 3 66 70 131 21 137 28 38 71 87 96 68 30 67 72 113 17 31 18 64 50 108 4 86 35 52 145 46 99 22 106 26 130 75 13 6 82 84 42 122
56 99 14 25 44 29 30 39 42 53 49 105 10 116 62 86 119 132 134 100 101 27 149 37 137 75 131 26 147 52 70 32 17 121 69 23 122 47 43 12 4 20 133 36 51 113 61 80 64 76 138 5 57 83 3 16 6 141 143 110 112 109 85 92 34 66 46 31 74 54 124 35 9 84 114 19 148 50 97 59 107 150 63 41 91 117 104 81 40 136 33 129 144 140 48 108 78 11 139 88 15 79 65 142 106 146 98 8 103 120 111 7 96 125 21 145 67 89 102 130 77 28 60 82 87 58 2 127 73 118 45 24 94 18 22 68 1 13 128 38 123 115 135 71 126 90 55 93 95 72
18 119 90 1 30 138 48 42 47 52 130 131 54 113 46 116 79 17 32 86 149 5 12 124 69 57 67 140 128 145 117 74 37 87 122 22 108 36 49 71 81 76 63 80 50 38 43 9 6 73 144 95 89 65 72 23 41 105 3 84 107 115 98 132 91 51 66 99 2 53 8 118 134 68 121 96 7 75 21 40 129 20 125 110 126 142 62 39 88 60 146 19 35 11 93 148 123 111 14 61 28 55 136 16 34 150 94 147 29 77 102 127 25 10 26 101 141 120 109 33 4 85 78 143 13 92 45 70 112 106 24 44 59 103 137 114 104 133 83 58 135 64 82 139 31 27 100 56 15 97
73 76 62 44 7 139 79 19 133 14 4 53 59 25 147 45 102 69 104 48 93 3 23 66 125 114 146 61 35 26 63 118 74 81 64 85 36 100 15 33 9 5 50 92 138 122 60 57 54 75 67 108 116 28 137 38 21 77 120 88 42 68 80 51 115 107 119 89 40 142 113 126 143 2 136 30 101 32 41 11 144 8 106 110 109 129 128 84 112 123 124 90 24 37 58 39 111 103 6 22 16 72 71 12 46 20 127 78 29 97 17 135 87 27 141 95 55 150 34 96 49 105 145 52 148 130 121 10 131 65 82 149 13 43 132 47 117 99 91 94 56 18 140 83 86 1 98 31 134 70
133 143 1 18 110 138 129 95 41 8 146 124 16 24 134 38 72 27 14 121 148 28 40 71 127 105 80 97 2 33 89 111 39 29 21 86 140 60 77 126 135 107 113 96 51 109 6 147 91 7 46 61 116 88 48 136 120 23 15 54 117 112 44 42 132 43 94 69 50 49 59 75 119 78 34 13 52 67 64 9 35 100 93 102 139 73 66 130 22 142 58 84 30 92 37 128 137 90 63 68 79 101 17 98 81 11 56 141 19 47 36 85 31 5 3 83 122 26 12 25 99 74 4 150 55 62 149 65 76 10 114 87 82 145 103 118 70 108 106 45 57 123 104 32 144 20 115 131 53 125
131 150 88 139 2 102 103 36 19 62 7 56 100 113 104 54 144 96 82 127 140 86 9 20 107 90 25 34 119 16 38 45 13 138 77 52 26 76 117 41 40 129 48 63 137 148 55 39 121 51 50 12 75 101 122 42 72 115 46 49 93 99 105 67 132 95 141 126 70 134 5 98 66 14 91 142 78 87 69 17 37 116 118 147 22 71 130 33 60 73 106 128 135 61 27 1 47 112 11 149 30 6 23 58 44 111 31 18 89 3 28 4 35 10 83 32 43 97 21 29 65 94 53 123 68 146 125 74 124 8 57 80 24 15 143 136 145 120 114 64 133 110 81 109 92 85 84 108 59 79
135 132 14 79 146 136 12 75 1 40 148 140 3 68 59 44 21 139 38 7 28 48 76 127 128 52 22 119 103 93 134 73 107 84 149 16 17 114 86 41 110 87 117 8 50 11 118 80 34 71 122 26 33 55 97 49 96 82 62 108 10 130 31 65 100 69 45 13 66 123 18 15 129 141 43 99 105 101 90 111 20 61 39 138 104 63 131 47 42 4 5 145 81 77 91 67 32 92 24 23 120 143 147 30 70 106 125 64 53 113 27 56 126 142 133 102 144 121 51 2 124 25 116 88 60 37 46 29 115 9 72 98 57 89 94 137 109 85 36 78 74 112 19 95 83 54 58 6 150 35
135 23 29 82 147 38 28 22 12 113 118 76 72 49 43 5 73 144 90 99 15 66 102 111 69 53 4 108 96 27 123 138 17 47 137 2 105 145 13 85 106 119 32 136 21 20 141 57 56 70 112 109 88 48 122 75 46 92 81 24 120 93 114 51 11 6 18 83 100 50 26 33 62 129 63 104 98 132 31 103 130 37 10 67 79 54 74 25 101 140 121 9 125 39 59 89 80 7 139 36 117 149 84 124 8 14 146 110 87 86 65 35 77 52 55 64 142 45 134 97 115 143 107 58 131 116 3 19 40 41 44 127 34 150 148 133 61 91 30 42 16 68 128 60 78 1 71 126 95 94
25 145 74 134 65 3 11 59 81 138 146 28 39 107 115 89 117 34 17 7 73 66 12 142 119 149 78 127 44 5 111 143 83 15 16 45 95 33 9 22 114 90 40 53 38 112 36 148 57 105 55 94 1 147 102 70 91 101 136 82 76 21 141 130 108 46 71 47 6 106 126 14 100 92 120 133 4 86 69 128 49 60 131 41 72 135 77 140 48 35 118 137 19 30 96 124 84 97 113 110 68 24 129 99 122 56 43 79 18 50 132 42 125 98 2 26 104 32 52 10 150 80 20 37 85 116 88 64 93 62 8 13 63 23 58 31 29 139 27 51 123 121 144 67 103 109 61 75 87 54
65 137 22 40 133 130 120 28 45 62 118 43 115 145 19 119 122 72 71 121 104 80 75 78 23 79 52 124 18 11 5 123 54 24 127 7 144 47 34 134 94 26 68 77 98 2 114 51 64 70 99 6 141 17 131 132 55 96 46 138 58 143 111 109 3 87 110 126 76 117 67 53 139 142 66 107 15 39 100 21 93 48 42 95 113 84 60 82 31 12 135 90 147 57 50 125 35 49 10 20 136 27 112 25 105 102 97 83 101 106 146 150 4 37 129 32 56 103 128 36 86 30 69 116 149 88 8 44 63 59 1 92 73 16 74 61 148 14 85 13 89 140 81 29 108 41 9 33 91 38
135 59 30 140 50 36 65 107 51 38 81 94 29 114 122 53 2 34 116 17 58 62 14 69 93 4 80 48 110 55 105 95 16 32 149 111 5 123 74 79 78 145 87 144 35 138 82 91 77 89 47 128 133 101 99 71 127 20 109 113 136 76 1 13 40 126 24 42 125 129 6 118 3 67 134 117 66 112 60 102 137 121 12 22 106 27 31 52 54 141 90 56 73 75 139 103 98 7 28 96 83 41 100 150 148 147 68 132 61 108 21 15 10 143 19 92 70 119 9 115 130 88 97 37 8 49 85 33 72 84 18 86 124 43 23 39 64 104 11 120 146 142 26 44 46 63 57 131 45 25
14 78 97 69 46 63 108 28 105 111 141 101 139 30 53 5 16 31 49 47 73 104 119 124 67 133 84 125 142 95 92 123 10 25 7 143 33 45 50 35 145 1 39 114 57 27 34 15 8 40 93 89 29 146 58 48 107 128 86 21 113 13 94 109 37 149 41 3 88 6 38 19 62 79 65 110 121 26 56 150 115 116 32 112 51 87 60 81 118 68 132 59 83 82 76 99 103 137 98 11 102 17 134 85 42 44 135 90 147 72 23 70 12 77 71 66 129 117 131 4 140 120 74 100 106 91 138 136 43 22 18 75 20 144 36 130 9 64 148 2 24 126 80 127 54 122 61 96 55 52
72 12 99 92 84 30 98 143 115 65 135 104 87 11 145 81 78 94 147 129 60 149 48 127 126 23 90 59 34 107 74 131 44 132 142 123 67 4 88 54 49 134 3 16 32 136 125 10 80 8 42 108 106 120 24 53 39 19 63 31 2 43 26 111 113 102 52 93 37 56 51 133 77 36 101 85 130 140 13 7 128 18 103 61 45 68 119 114 105 95 20 83 28 21 144 22 35 46 100 82 55 110 15 75 27 9 6 40 112 146 150 117 62 79 66 70 69 73 86 38 50 97 122 76 91 139 25 47 124 121 14 5 58 116 148 137 57 41 89 138 96 29 71 1 141 33 109 17 64 118
5 105 72 112 40 148 88 41 24 101 82 142 68 86 62 12 107 70 97 36 31 84 102 103 46 90 56 147 120 134 3 109 43 99 67 141 57 146 11 128 138 73 79 96 69 49 29 132 14 91 61 60 45 131 104 27 16 4 74 95 125 119 135 39 77 126 140 7 133 30 55 83 150 129 93 121 145 48 80 139 94 122 75 137 116 127 71 123 130 52 10 118 110 66 28 25 85 53 33 1 81 26 2 54 59 76 143 35 9 114 124 8 44 89 58 63 106 78 42 113 20 38 13 98 100 50 34 6 15 51 17 115 32 149 108 64 21 18 144 47 19 23 65 87 111 37 92 136 117 22
45 120 5 21 67 150 66 99 31 79 47 118 107 134 44 135 58 78 137 105 69 73 1 9 119 102 111 125 112 39 24 33 117 38 30 27 84 23 28 138 149 75 133 126 103 106 22 87 96 114 20 100 142 55 143 19 81 40 139 49 77 3 146 68 52 60 108 83 25 131 32 18 61 8 82 6 91 4 56 97 121 29 86 124 94 148 65 128 11 72 123 140 7 136 51 127 98 122 70 48 41 35 90 130 17 88 147 53 116 16 26 13 92 93 59 57 115 109 145 62 54 43 14 89 37 2 64 85 50 71 15 101 63 129 141 46 12 36 42 95 10 110 80 76 113 104 74 132 144 34
106 107 43 22 21 52 131 108 40 31 56 138 30 63 94 38 140 79 98 89 2 34 126 96 133 103 118 9 86 119 53 142 128 59 141 18 20 146 12 104 16 83 93 116 101 7 62 13 58 117 17 135 14 122 3 61 65 70 64 143 150 27 134 78 44 11 47 114 74 26 109 113 102 71 77 49 10 111 121 125 48 139 130 33 110 76 67 100 129 25 55 4 46 15 68 115 84 5 42 32 112 120 82 87 23 69 99 37 147 85 136 28 57 51 145 95 60 73 105 81 88 80 92 90 72 137 66 149 91 148 123 8 124 39 144 36 29 1 75 45 97 132 19 50 6 24 35 127 41 54
17 37 81 69 142 139 133 74 8 58 80 14 42 55 105 67 10 91 52 132 25 63 35 33 83 27 87 93 94 68 86 5 24 36 57 2 89 3 110 147 137 100 76 71 107 96 61 128 62 29 144 108 141 54 44 113 11 30 118 122 41 13 98 60 97 124 125 48 64 111 28 23 95 72 149 109 20 99 38 143 46 127 22 106 120 9 140 7 19 79 130 131 102 92 66 134 31 51 15 126 150 18 45 114 65 116 90 56 39 12 47 70 88 101 123 34 103 53 21 50 146 16 136 145 104 138 135 49 148 85 115 84 1 121 4 6 77 32 26 78 82 117 112 59 129 119 43 73 75 40
112 106 63 2 107 124 119 136 88 14 127 48 61 121 87 113 104 143 103 95 70 97 58 137 74 130 20 133 94 30 83 42 76 126 120 99 43 23 100 51 110 131 57 122 144 3 139 108 10 46 125 11 13 9 50 47 79 64 28 31 7 96 90 29 141 5 111 6 73 105 21 26 142 116 69 89 4 54 150 80 77 102 68 60 12 25 22 45 81 49 16 32 92 17 78 114 135 52 24 72 148 146 36 85 56 84 39 67 35 147 129 59 53 86 15 118 82 37 66 1 117 27 41 44 101 98 93 55 115 132 62 149 34 33 8 128 138 38 109 18 75 71 91 19 145 140 134 40 123 65
121 87 136 125 98 12 59 85 45 148 64 46 9 24 115 93 30 47 52 27 8 144 80 14 32 20 119 132 95 86 105 40 102 150 22 15 51 26 145 70 79 107 89 35 122 96 50 146 28 91 36 73 135 92 66 11 124 13 62 113 94 39 16 114 112 41 25 58 109 34 133 71 63 83 18 43 19 127 128 84 141 118 33 116 111 3 49 17 2 1 7 72 108 137 77 88 38 61 21 55 4 78 75 56 42 117 143 101 123 67 142 104 5 103 90 53 134 76 131 129 97 100 54 120 147 82 29 138 130 60 106 139 31 6 37 44 149 74 10 81 23 140 99 48 57 126 68 69 110 65
133 146 75 7 125 12 8 122 145 22 52 72 140 29 69 5 23 149 58 51 89 136 26 130 42 109 112 105 15 34 143 40 4 85 111 120 107 6 148 138 103 117 87 102 11 16 65 9 135 43 98 134 53 77 144 59 50 3 18 37 97 14 1 76 48 116 121 83 137 93 126 123 10 80 115 128 88 132 139 45 19 41 150 104 129 17 74 118 68 20 82 113 90 47 100 49 67 38 92 142 66 108 25 71 70 79 94 81 54 131 35 101 31 119 13 21 32 62 36 61 63 124 106 56 57 86 96 84 28 95 44 55 114 99 27 127 30 110 24 46 147 60 2 91 39 141 73 78 33 64
24 114 106 66 91 124 60 19 28 149 100 53 83 49 80 144 30 141 135 99 12 140 79 70 89 128 41 54 115 71 6 51 85 61 20 142 45 35 109 39 27 117 84 29 98 15 120 105 13 59 14 5 122 101 81 58 90 8 112 40 126 129 103 38 21 75 65 133 37 94 113 148 97 143 145 3 73 52 25 32 110 118 127 82 131 57 50 31 56 146 64 72 10 11 121 46 23 16 9 138 1 136 108 137 68 147 17 87 88 78 63 67 76 104 93 55 74 95 130 44 2 43 150 62 34 22 139 102 96 47 107 36 111 92 123 116 26 125 77 134 42 4 7 86 132 33 69 18 48 119
23 134 67 53 121 105 81 108 40 123 9 124 26 101 90 115 85 84 52 76 99 89 143 27 78 127 114 86 117 135 15 44 92 51 6 112 69 91 98 137 42 113 29 128 3 148 72 16 14 80 57 103 129 111 4 2 96 18 142 49 126 38 1 79 43 28 70 62 58 34 30 50 106 77 66 125 31 73 45 33 71 94 68 93 25 20 36 56 100 39 13 102 88 139 144 130 145 107 141 116 65 17 138 104 10 122 54 140 83 97 133 60 118 63 120 46 82 119 48 74 5 19 131 64 22 61 11 55 132 59 110 12 37 87 75 109 136 24 146 32 7 35 8 95 149 41 47 150 147 21
21 96 4 133 56 44 18 84 150 67 144 15 45 129 146 26 61 5 81 137 91 101 60 2 120 76 70 112 82 20 71 39 149 3 49 147 117 28 55 131 114 25 59 109 95 135 100 27 65 38 32 30 104 118 47 79 43 9 97 115 141 121 48 138 17 19 107 77 23 106 6 50 11 75 52 74 130 66 113 122 8 22 46 64 14 103 29 124 128 54 16 31 69 1 134 10 37 123 73 102 127 87 145 53 62 85 88 34 92 33 90 140 148 7 110 142 12 57 125 111 78 93 80 86 35 126 51 89 24 42 143 13 41 58 63 139 98 136 132 36 105 72 99 108 94 68 116 83 40 119
135 62 67 76 104 26 114 11 48 59 128 131 97 16 21 127 132 113 139 23 120 34 143 40 43 56 141 146 83 8 84 108 46 12 28 149 7 64 88 6 51 91 24 58 98 73 122 138 147 145 68 30 95 82 45 38 148 70 79 32 106 96 109 87 124 2 52 80 112 47 15 111 133 110 20 19 61 69 71 49 126 140 107 63 130 142 17 31 103 137 121 85 134 75 89 100 119 14 5 144 150 50 77 10 86 74 35 125 93 25 27 99 29 136 55 105 41 42 9 54 66 65 118 72 18 117 13 129 1 3 44 81 22 36 94 60 102 123 4 78 53 92 37 101 116 39 57 90 115 33
104 80 94 101 122 23 38 93 133 119 131 125 9 45 115 121 10 48 102 15 68 95 85 1 22 83 8 25 33 5 113 110 116 147 49 39 105 128 67 141 20 61 54 82 75 146 142 109 26 36 98 55 18 132 92 135 149 60 112 81 106 19 136 89 76 143 97 100 29 150 73 51 41 6 27 124 58 140 43 56 90 46 120 79 103 130 107 16 2 129 53 37 74 63 126 86 99 77 137 35 69 148 4 7 47 144 57 34 62 88 111 84 96 13 52 17 87 70 28 91 78 134 65 117 42 71 138 118 64 3 123 127 32 145 14 21 139 44 24 40 30 50 59 108 66 31 11 72 114 12
49 57 13 113 41 23 139 30 43 87 127 2 144 82 104 20 70 74 117 40 90 46 142 5 12 105 118 35 56 38 97 114 94 84 36 51 22 91 28 62 106 102 85 73 19 115 103 125 32 16 150 79 110 39 55 116 66 129 136 81 10 132 64 18 96 80 101 146 11 42 69 95 137 29 98 108 17 89 50 33 126 34 112 21 140 78 47 133 68 130 123 59 27 76 9 148 31 131 44 143 71 26 45 109 120 107 92 88 14 145 63 83 53 93 122 75 60 100 134 3 149 121 65 6 135 138 54 7 72 1 86 8 147 25 128 15 24 58 119 67 99 48 61 77 4 111 124 52 141 37
73 61 104 147 116 108 52 124 46 127 64 132 114 74 71 70 12 103 3 49 78 69 59 128 44 143 65 18 72 105 81 51 145 117 45 53 63 22 2 87 121 92 91 25 43 141 150 77 133 101 10 82 95 140 11 7 55 67 36 112 137 20 47 90 131 4 75 93 26 102 24 113 29 129 136 19 80 89 98 79 96 120 62 119 57 1 110 60 86 148 56 144 48 123 16 23 122 13 34 35 31 84 88 15 42 139 68 39 9 130 134 37 109 138 14 135 146 54 40 83 32 142 27 17 6 8 38 149 76 115 111 97 100 50 94 41 126 99 30 118 21 28 5 66 58 106 33 125 107 85
36 38 87 104 119 94 61 49 116 70 58 51 120 46 50 6 88 21 16 13 10 43 89 72 55 136 147 64 108 84 4 68 115 22 145 122 56 35 9 67 135 73 23 127 132 112 143 76 54 25 123 102 140 63 18 113 82 37 106 130 1 126 24 124 47 125 19 57 150 114 31 141 59 12 148 15 83 39 111 91 28 98 26 86 80 134 66 144 62 74 53 17 8 95 33 129 131 138 14 97 100 60 133 29 44 7 34 42 96 48 75 85 79 128 93 103 149 20 45 101 109 142 27 40 110 30 69 32 81 139 77 137 11 99 146 107 2 90 52 71 92 121 117 5 78 3 41 65 118 105
53 43 106 6 24 70 145 97 19 98 5 49 8 100 137 104 117 128 39 95 134 7 105 36 47 143 56 87 18 48 144 90 146 29 150 66 147 112 107 60 115 40 25 75 46 141 103 32 11 138 113 58 96 9 44 13 14 126 59 136 61 80 124 78 27 45 114 38 85 129 69 34 140 50 33 108 35 101 116 63 42 68 17 118 109 74 16 88 119 41 54 81 52 26 71 93 79 84 37 15 77 30 135 65 4 83 121 110 102 89 91 132 149 92 76 55 23 72 99 57 51 67 64 125 139 20 28 31 10 12 127 86 148 94 73 22 62 21 3 123 2 1 111 130 120 131 122 142 82 133
