83
335935806 566269275
302563515 681159223
834890545 972085157
87261779 891772393
68984659 865900104
27257518 92687243
592361532 988382128
392287502 701266387
553462750 565970452
372187976 735699520
530957525 867827709
630268624 928617239
284830305 363073380
360131715 676157247
316247952 710477307
223926734 438747968
184729735 684541791
220016492 642129067
825315948 893311856
389544062 856463780
243060855 783898971
398271710 785838660
420652552 782074489
742741605 843515941
251305920 832821199
542384175 833242969
28513197 494918510
148237627 364168463
380579066 893457981
9610869 415016514
441445608 682003861
101918459 543424999
532386078 540164689
8478296 635664738
677667415 813222010
653637330 818897737
232961582 464992494
18730406 687789594
547882619 880803906
389573372 702761036
347080278 571259722
87546702 277514632
520258012 970645029
18436238 646610641
193350807 612234768
152717442 218073020
30394928 385667198
535658849 822531408
346796480 458984140
357274201 415884218
523636254 529126012
33998743 408824334
342979659 771120865
182704267 470259354
693135108 986525782
163421667 469274822
220788794 634981803
35114343 786409436
833708943 984830675
1 1000000000
253953129 829207000
138906820 943102111
184349617 539944676
61534966 151531477
241282823 856962211
721945696 859705627
831332969 884532589
300532979 823867996
188808596 589028702
235004725 483788520
383283659 885214429
536469176 567149689
770254079 851369275
499437625 775596192
111876858 734945758
596582563 981536604
347197522 795747772
728607313 766219446
720525982 816776990
418760989 730371439
496743478 805055071
234658324 665052206
557503525 830907336
211169928 755433092
