81
274075346 756247842
275383068 420479207
42797189 192406360
774766572 994465776
509871902 566880810
395331193 670961844
588168895 923371478
269182558 555601880
478516539 837773299
694705210 979376279
727206537 759687597
222143357 380919024
502240219 881840254
376480951 521931453
156948176 216147000
751743532 919949918
177782831 214885971
953817610 988411710
767199915 778042757
23011897 328118418
222519852 445584344
377887199 929035063
92010527 132617330
241167583 331445940
138901549 912952750
188825132 578685250
82021613 273564568
266006822 352673823
57630473 587712958
59194487 840017399
165707756 781460865
366309948 416510336
207102512 734165009
582371015 714399607
697128812 902704150
379738707 768918018
290202543 519211838
780582454 858981005
386171941 554586744
562320763 626891153
612685003 952937183
929308378 992756854
203327545 362245177
2490645 30350316
668758243 674741312
392155369 545142740
658693063 727612731
525393739 767954782
342480282 672871599
200100178 968233963
49110661 103926547
91350633 150262343
216863918 303042523
132647140 948249898
552599778 746048443
498483626 613077740
838094227 883712078
329759212 400646303
24642227 709765737
667946592 827181267
68492599 273309029
272210961 683349574
161981483 746611988
30764139 648272517
53873459 197326106
106350452 459369341
125524394 923924200
69219929 379212313
728163290 974898152
75837298 945385321
92536038 200220412
347403158 386845710
11832181 627209809
40727219 702372342
713304075 938838266
219172863 719779720
52745214 283118041
8802095 300722695
80641583 423571085
168085167 555193897
36217304 398058719
