88
866167 6289410
4617399 8630104
6554987 38847554
35593038 48542419
47074506 50072522
48881850 50491433
50401626 65348521
64125239 67769769
66087696 82880826
77083727 89913987
84571443 99772626
98099558 100898448
100555893 103799658
103554927 103868438
103846672 106806807
103987072 117771172
117435794 129795303
117874620 138013611
130892656 140455616
138175825 153881930
150779681 155486979
155331539 169640737
163669327 172512277
171872990 179399862
175973759 184171277
183307217 185633930
185487611 187430477
185740712 197238045
188699283 233606133
200096562 243068197
238856822 263629560
245390426 298564235
281499085 342289453
307029004 343280607
343181510 361986490
359339342 364961611
363768983 369982124
366089652 377785027
372611332 411435478
380158688 412689686
411813286 426219597
422109658 453293400
453282497 454708205
453304675 487747453
480787262 492331546
489712718 503816312
499442772 507479410
503855384 517803828
508366103 540121102
525306113 553030468
550715069 558112392
554155076 605694973
605368579 609822951
607822039 621636376
614371450 634465484
634191944 648324190
635735765 669593628
659308004 670956716
669884431 679723727
676604044 690971488
688039290 718464745
692013685 748242053
728814490 787463511
783217983 799862909
791804563 803390147
802191056 810862769
809907433 821330324
821305804 830906049
828972018 840251880
834565488 843345568
842954732 845378058
844385261 850106596
848827558 853417806
852660458 863416169
853606850 865735781
865672409 875523133
865781495 887723506
887460617 893768243
889515395 913482487
908698160 914622487
913933408 923402286
921321146 936843970
926525463 940943756
940407230 959083744
941174913 962086134
959374460 963649471
962637122 981129160
972056161 996805200
