100
22055112 33556404
29578299 35054334
34705555 40858181
39035236 43368813
42597009 45634716
44028134 59043639
55370900 60616237
59696655 61119808
61098951 73378831
68130472 111876608
77326536 121094886
120949290 126278189
121203307 140641514
134137634 168097194
157120861 178721023
175845014 186238127
186199041 189420847
187260828 206617001
205065217 222850097
210644690 234850529
226597990 242152980
237377217 248325337
247796993 250448504
249343168 277348525
253421378 299529821
295834940 304127420
299882388 327187728
326971069 333990445
327605100 342711827
334422791 348107873
347981580 351596237
350973114 352440235
352302114 354090847
353520608 365756072
364888591 368006714
366376822 368251147
368094101 375885283
368537659 390824375
388037207 393236383
390877570 397723264
396740882 399724101
399666988 407977967
400203175 409073437
408343047 418915399
409334112 426856776
423667330 444800071
429736274 455915616
447104161 465679613
461549794 467749290
465730054 470521118
469726780 484569648
476332628 502237838
494963881 507728680
506109250 518360548
511163563 522702463
519875097 525442980
524324766 533525134
528361063 535667134
534064559 542285348
539036833 547274734
543452106 555535173
554464095 589297640
576459933 608128620
595160199 611120092
608532402 614928870
613992945 634398163
616114095 653318750
648525437 661387759
657498878 669059341
662419598 674113855
669332702 682072078
680827669 701725176
685945221 742530663
730355578 754777215
747202594 785294027
783507613 797020800
785750136 813202561
809385310 816130507
814358179 826452187
817208385 830599918
828401970 834068534
833617736 849592985
843832230 872426627
871585489 874036091
872611037 882399100
881114186 897130281
893693533 899848735
899741920 904097313
900499703 912468956
911811796 926258003
918609028 937083597
928246078 946649030
944830169 957871621
947807640 962496394
962354093 987964401
964575995 990457461
989915357 991379301
991065186 992141825
991406788 997035148
995089233 999060951
