1
420
2
2 0 2
10
1 0 1 0 1 0 1 0 1 0 1 0 1 0 1 0 1 0 1
10
10 0 20 0 30 0 40 0 50 0 60 0 70 0 80 0 90 0 100
100
1000 0 1000 0 1000 0 1000 0 1000 0 1000 0 1000 0 1000 0 1000 0 1000 0 1000 0 1000 0 1000 0 1000 0 1000 0 1000 0 1000 0 1000 0 1000 0 1000 0 1000 0 1000 0 1000 0 1000 0 1000 0 1000 0 1000 0 1000 0 1000 0 1000 0 1000 0 1000 0 1000 0 1000 0 1000 0 1000 0 1000 0 1000 0 1000 0 1000 0 1000 0 1000 0 1000 0 1000 0 1000 0 1000 0 1000 0 1000 0 1000 0 1000 0 1000 0 1000 0 1000 0 1000 0 1000 0 1000 0 1000 0 1000 0 1000 0 1000 0 1000 0 1000 0 1000 0 1000 0 1000 0 1000 0 1000 0 1000 0 1000 0 1000 0 1000 0 1000 0 1000 0 1000 0 1000 0 1000 0 1000 0 1000 0 1000 0 1000 0 1000 0 1000 0 1000 0 1000 0 1000 0 1000 0 1000 0 1000 0 1000 0 1000 0 1000 0 1000 0 1000 0 1000 0 1000 0 1000 0 1000 0 1000 0 1000 0 1000
40
934 0 389 0 45 0 913 0 262 0 618 0 328 0 2 0 127 0 691 0 990 0 936 0 547 0 836 0 617 0 404 0 579 0 66 0 562 0 219 0 439 0 812 0 559 0 86 0 393 0 46 0 166 0 463 0 416 0 128 0 335 0 307 0 356 0 310 0 600 0 421 0 349 0 88 0 462 0 943
54
342 0 310 0 462 0 692 0 529 0 848 0 188 0 310 0 46 0 373 0 579 0 674 0 190 0 378 0 835 0 61 0 122 0 923 0 709 0 787 0 602 0 922 0 167 0 835 0 265 0 995 0 506 0 91 0 688 0 823 0 707 0 729 0 518 0 2 0 935 0 133 0 502 0 236 0 315 0 858 0 326 0 337 0 324 0 506 0 810 0 912 0 411 0 83 0 129 0 797 0 746 0 346 0 450 0 268
42
549 0 873 0 70 0 397 0 60 0 716 0 833 0 485 0 953 0 624 0 230 0 858 0 730 0 938 0 29 0 792 0 979 0 597 0 800 0 123 0 209 0 395 0 4 0 344 0 118 0 74 0 977 0 130 0 323 0 738 0 613 0 885 0 328 0 830 0 800 0 794 0 500 0 111 0 686 0 699 0 128 0 898
68
77 0 246 0 87 0 624 0 327 0 705 0 350 0 170 0 538 0 184 0 244 0 105 0 944 0 206 0 894 0 864 0 286 0 945 0 306 0 755 0 398 0 614 0 370 0 114 0 420 0 444 0 68 0 877 0 166 0 872 0 453 0 66 0 376 0 329 0 515 0 588 0 731 0 167 0 120 0 329 0 778 0 642 0 853 0 961 0 140 0 533 0 723 0 46 0 695 0 963 0 379 0 18 0 731 0 177 0 705 0 335 0 412 0 591 0 381 0 675 0 306 0 202 0 300 0 321 0 118 0 529 0 519 0 988
23
622 0 763 0 241 0 113 0 320 0 368 0 282 0 220 0 840 0 961 0 328 0 439 0 21 0 73 0 43 0 849 0 993 0 390 0 461 0 44 0 837 0 298 0 633
98
830 0 924 0 797 0 867 0 213 0 924 0 203 0 610 0 23 0 869 0 862 0 471 0 413 0 168 0 390 0 71 0 84 0 150 0 812 0 109 0 871 0 88 0 647 0 235 0 290 0 669 0 860 0 335 0 854 0 642 0 305 0 333 0 273 0 181 0 62 0 562 0 217 0 761 0 716 0 692 0 202 0 235 0 958 0 177 0 285 0 115 0 69 0 194 0 688 0 4 0 783 0 98 0 154 0 524 0 735 0 463 0 859 0 68 0 216 0 909 0 935 0 190 0 229 0 36 0 229 0 464 0 897 0 942 0 740 0 212 0 147 0 18 0 298 0 580 0 178 0 934 0 429 0 58 0 668 0 968 0 27 0 695 0 837 0 155 0 418 0 941 0 468 0 33 0 610 0 243 0 724 0 109 0 77 0 298 0 154 0 578 0 189 0 106
5
864 0 203 0 374 0 912 0 391
4
1000 0 100 0 10 0 1


1
420
2
2 1 2
3
2 1 2 1 2
3
2 1 2 0 2
10
1 0 1 0 1 0 1 0 1 0 1 0 1 0 1 0 1 0 1
10
1 1 1 1 1 1 1 1 1 1 1 1 1 1 1 1 1 1 1
10
1 1 1 1 1 1 1 1 1 1 1 0 1 0 1 0 1 0 1
100
2 1 2 1 2 1 2 1 2 1 2 1 2 1 2 1 2 1 2 1 2 1 2 1 2 1 2 1 2 1 2 1 2 1 2 1 2 1 2 1 2 1 2 1 2 1 2 1 2 1 2 1 2 1 2 1 2 0 2 0 2 0 2 0 2 0 2 0 2 0 2 0 2 0 2 0 2 0 2 0 2 0 2 0 2 0 2 0 2 0 2 0 2 0 2 0 2 0 2 0 2 0 2 0 2 0 2 0 2 0 2 0 2 0 2 0 2 0 2 0 2 0 2 0 2 0 2 0 2 0 2 0 2 0 2 0 2 0 2 0 2 0 2 0 2 0 2 0 2 0 2 0 2 0 2 0 2 0 2 0 2 0 2 0 2 0 2 0 2 0 2 0 2 0 2 0 2 0 2 0 2 0 2 0 2 0 2 0 2 0 2 0 2 0 2 0 2 0 2
100
1000 1 1000 0 1000 0 1000 0 1000 0 1000 0 1000 0 1000 0 1000 0 1000 0 1000 0 1000 0 1000 0 1000 0 1000 0 1000 0 1000 0 1000 0 1000 0 1000 0 1000 0 1000 0 1000 0 1000 0 1000 0 1000 0 1000 0 1000 0 1000 0 1000 0 1000 0 1000 0 1000 0 1000 0 1000 0 1000 0 1000 0 1000 0 1000 0 1000 0 1000 0 1000 0 1000 0 1000 0 1000 0 1000 0 1000 0 1000 0 1000 0 1000 0 1000 0 1000 0 1000 0 1000 0 1000 0 1000 0 1000 0 1000 0 1000 0 1000 0 1000 0 1000 0 1000 0 1000 0 1000 0 1000 0 1000 0 1000 0 1000 0 1000 0 1000 0 1000 0 1000 0 1000 0 1000 0 1000 0 1000 0 1000 0 1000 0 1000 0 1000 0 1000 0 1000 0 1000 0 1000 0 1000 0 1000 0 1000 0 1000 0 1000 0 1000 0 1000 0 1000 0 1000 0 1000 0 1000 0 1000 0 1000 0 1000 0 1000
3
1000 1 1000 1 1000
100
1 1 1 1 1 1 1 1 1 1 1 1 1 1 1 1 1 1 1 1 1 1 1 1 1 1 1 1 1 1 1 1 1 1 1 1 1 1 1 1 1 1 1 1 1 1 1 1 1 1 1 1 1 1 1 1 1 1 1 1 1 1 1 1 1 1 1 1 1 1 1 1 1 1 1 1 1 1 1 1 1 1 1 1 1 1 1 1 1 1 1 1 1 1 1 1 1 1 1 1 1 1 1 1 1 1 1 1 1 1 1 1 1 1 1 1 1 1 1 1 1 1 1 1 1 1 1 1 1 1 1 1 1 1 1 1 1 1 1 1 1 1 1 1 1 1 1 1 1 1 1 1 1 1 1 1 1 1 1 1 1 1 1 1 1 1 1 1 1 1 1 1 1 1 1 1 1 1 1 1 1 1 1 1 1 1 1 1 1 1 1 1 1 1 1 1 1 1 1
20
10 1 9 1 3 1 8 1 12 1 7 1 4 1 6 1 5 1 2 1 11 1 1 0 19 0 14 0 18 0 15 0 16 0 13 0 17 0 20


1
420
40
965 0 962 0 765 0 741 0 101 0 948 0 43 0 749 0 240 0 721 1 625 0 948 0 677 0 272 0 976 0 227 0 804 0 578 0 388 0 694 0 440 1 787 0 614 0 608 0 778 0 165 0 638 0 348 0 585 0 862 0 69 0 145 0 650 0 987 0 906 0 588 0 781 1 981 0 996 0 937
79
955 0 783 0 153 0 778 0 421 0 272 0 155 0 441 0 892 0 450 0 915 0 36 0 492 0 925 0 879 0 634 0 434 0 422 0 325 0 159 0 74 0 78 0 295 0 953 0 106 0 831 0 915 0 752 0 252 0 810 0 415 0 821 0 556 0 687 0 259 0 464 0 86 0 168 0 315 0 300 0 470 0 135 0 928 0 516 0 162 0 476 0 95 1 730 0 780 0 305 0 670 0 270 0 147 0 99 0 682 0 425 0 909 0 264 0 391 0 657 0 723 0 779 0 680 0 872 0 45 0 847 0 725 1 572 0 503 0 965 0 677 0 140 0 670 0 387 0 247 0 540 0 808 0 760 0 686
63
253 0 392 0 385 0 656 0 163 0 6 0 185 0 286 0 810 0 512 0 315 0 214 0 503 0 171 1 821 0 339 0 728 1 929 0 468 0 76 0 946 0 954 0 709 0 887 0 71 0 709 0 95 0 801 0 15 0 714 0 807 0 958 0 271 0 957 0 275 0 799 0 810 0 678 1 351 0 643 0 478 0 812 0 144 0 795 0 701 0 987 0 398 0 231 0 514 0 352 0 266 0 153 0 879 0 910 0 431 0 394 0 768 0 245 0 781 0 742 0 743 0 720 1 280
34
608 0 854 0 815 0 262 0 398 0 597 1 625 0 483 0 608 0 226 0 457 0 647 0 309 0 591 0 230 0 388 0 297 0 518 0 152 0 272 0 846 0 857 1 359 0 434 0 277 0 512 0 332 1 532 0 99 0 896 0 771 0 32 0 576 0 756
9
917 0 875 1 696 0 347 0 974 0 84 0 163 0 938 0 836
40
23 1 10 0 712 0 469 1 614 1 616 0 612 0 993 0 806 0 151 0 183 0 276 0 225 0 177 0 199 0 878 1 560 0 913 0 932 0 99 0 752 0 441 0 470 0 360 0 148 0 14 0 157 0 938 0 993 0 810 0 2 0 197 1 154 0 664 0 192 0 515 0 194 0 526 0 226 0 636
69
314 0 164 0 607 0 100 0 622 0 348 0 6 0 424 0 993 0 776 0 622 0 331 0 73 0 123 0 818 0 593 0 291 0 802 0 966 0 656 0 520 0 410 0 241 0 290 0 510 0 606 0 860 0 243 0 443 0 817 0 147 0 96 0 920 0 701 0 228 0 615 0 844 0 294 0 266 0 952 0 961 0 74 0 859 0 984 0 248 0 11 0 686 0 917 0 966 0 788 0 475 0 60 0 959 0 3 0 144 0 307 0 669 0 144 0 298 0 456 0 460 0 494 0 316 0 952 0 30 0 973 0 933 0 36 0 103
20
1 0 8 0 15 1 2 0 9 1 16 0 3 0 10 0 17 0 4 1 11 0 18 0 5 1 12 0 19 1 6 1 13 1 20 0 7 0 14
20
8 0 15 0 2 0 9 0 16 0 3 0 10 1 17 1 4 0 11 0 18 1 5 0 12 0 19 1 6 0 13 1 20 0 7 0 14 1 1
20
10 1 17 1 4 0 11 0 18 0 5 0 12 0 19 0 6 0 13 1 20 0 7 1 14 1 1 1 8 0 15 0 2 0 9 1 16 1 3
50
50 0 7 1 14 1 21 0 28 0 35 1 42 1 49 0 6 0 13 0 20 0 27 1 34 1 41 0 48 0 5 0 12 0 19 0 26 0 33 0 40 0 47 1 4 0 11 1 18 0 25 0 32 0 39 1 46 0 3 0 10 0 17 1 24 0 31 0 38 1 45 0 2 0 9 0 16 0 23 0 30 0 37 1 44 0 1 0 8 0 15 1 22 0 29 0 36 0 43
