3 69 69
24 40 4 1 30 49 17 6 23 44 9 32 53 3 59 26 64 37 42 11 48 50 28 12 68 69 58 65 29 39 15 25 13 35 56 62 16 55 66 27 22 52 20 67 10 18 63 19 47 45 43 54 8 60 2 21 46 61 41 51 33 36 14 5 34 57 7 31 38
68 34 9 44 3 16 36 65 28 6 23 11 37 31 64 52 10 26 40 39 5 22 47 12 18 58 67 30 7 27 4 57 49 15 43 38 61 63 8 56 32 62 54 21 29 25 14 24 35 60 1 55 33 50 19 13 48 53 66 45 69 2 17 51 20 59 42 46 41
11 24 45 35 2 65 23 12 58 62 8 6 1 54 49 61 9 64 18 16 3 29 37 32 55 52 56 66 28 10 4 36 46 48 34 50 63 13 44 57 41 53 5 42 59 20 25 30 26 38 7 39 21 60 31 67 40 15 33 19 47 27 22 69 68 43 51 17 14
59 16 65 22 5 66 25 41 63 36 20 68 51 4 8 3 69 6 12 21 39 56 43 44 24 46 29 7 30 10 17 23 60 58 31 67 48 49 27 19 40 9 47 34 32 54 13 55 61 28 53 18 1 42 2 37 62 57 14 64 50 35 26 15 11 52 45 38 33
27 26 41 29 24 63 12 39 3 42 16 21 20 34 51 32 56 49 22 50 60 48 10 31 37 45 25 7 53 54 5 30 28 64 11 19 13 46 33 36 55 17 40 18 59 66 9 43 69 2 52 1 47 61 35 4 68 6 57 38 8 15 58 65 44 62 23 14 67
47 50 49 2 41 65 34 4 7 31 42 18 37 32 59 11 10 27 58 51 26 57 66 9 55 22 29 33 14 68 13 24 67 16 5 38 20 56 36 43 63 15 69 48 8 54 30 46 21 1 25 3 60 64 39 35 12 17 40 23 19 6 28 53 44 62 52 61 45
43 32 68 42 28 40 45 49 13 33 52 66 23 30 61 51 50 31 19 26 54 6 1 60 69 2 39 18 55 67 5 24 36 46 58 14 8 7 41 27 62 57 9 48 17 47 11 64 16 63 44 37 3 10 38 22 56 59 15 35 65 20 29 12 34 53 21 4 25
64 29 68 11 25 26 38 23 30 5 31 3 50 41 17 9 57 56 55 35 14 7 15 59 65 28 16 32 20 19 53 24 1 52 44 69 10 51 49 48 47 36 33 13 22 61 63 18 54 4 66 34 27 8 2 40 58 43 6 46 39 45 60 67 37 62 21 42 12
6 34 68 39 60 31 43 48 36 58 17 54 33 37 5 25 9 30 7 11 23 3 21 47 28 57 56 27 38 52 35 4 24 26 69 20 22 41 16 10 49 40 50 66 63 67 44 61 62 12 1 51 65 8 64 14 18 45 32 42 2 15 19 59 46 53 13 55 29
17 39 12 61 32 46 64 58 44 5 42 28 47 16 25 8 26 7 43 14 35 57 27 69 2 66 6 55 23 68 19 10 54 3 51 60 18 11 45 50 56 40 24 4 67 53 34 20 63 9 52 59 31 29 13 37 33 65 49 38 21 62 48 1 30 22 15 41 36
37 59 66 21 13 4 3 58 2 64 14 20 16 43 28 41 29 9 49 62 40 69 12 53 7 19 34 57 51 31 5 52 27 18 10 39 35 24 26 30 36 6 50 45 61 33 67 65 25 17 38 22 60 55 56 63 54 11 23 48 42 46 1 15 47 68 32 44 8
32 8 7 48 20 56 9 42 26 60 63 15 50 66 6 35 25 41 40 1 31 62 22 53 68 52 12 16 2 67 10 13 49 54 33 36 57 44 43 19 58 39 29 3 51 18 28 11 59 14 21 30 69 27 61 34 55 4 17 23 45 46 64 37 47 38 5 24 65
67 15 45 25 50 8 13 31 9 17 1 32 7 21 3 66 57 48 58 11 54 35 42 40 12 61 10 52 41 68 65 5 16 56 30 64 28 46 34 47 23 63 29 36 55 43 62 18 4 27 38 60 33 37 20 19 6 69 51 26 53 59 39 2 22 44 49 24 14
30 57 28 64 61 18 42 67 55 19 11 14 12 17 51 4 56 2 1 66 65 46 10 43 26 35 47 59 63 41 20 54 16 27 39 31 50 58 44 45 7 60 48 40 25 34 15 21 22 23 62 5 9 13 6 38 3 29 33 49 68 53 69 37 32 52 36 24 8
35 24 55 19 48 30 22 64 25 38 8 9 68 29 50 1 33 46 62 53 54 4 56 61 11 45 60 69 31 15 59 58 52 57 26 27 37 67 10 66 18 41 21 36 2 49 14 28 3 44 13 65 63 32 34 23 7 42 16 6 51 43 39 5 17 20 12 40 47
19 25 8 32 20 63 54 9 40 44 36 2 16 10 66 65 18 14 58 31 57 4 37 1 69 27 60 38 15 22 29 68 24 7 59 67 39 12 46 28 42 5 61 26 52 17 33 11 43 45 62 6 23 3 35 50 30 56 13 34 41 51 55 49 47 53 64 21 48
31 43 48 34 6 44 57 58 42 18 11 3 5 30 17 9 24 64 67 28 22 50 65 14 63 60 2 33 25 52 10 39 45 36 12 69 27 32 1 61 41 66 56 15 4 26 37 21 51 53 38 55 49 20 35 23 68 16 54 46 19 47 29 13 7 62 59 40 8
59 27 2 5 15 8 6 12 44 49 53 57 52 20 32 13 26 34 51 29 68 33 54 19 41 48 36 62 46 39 61 58 45 43 67 25 24 69 35 3 21 64 14 16 66 7 56 55 23 60 42 17 40 9 47 31 38 65 28 50 37 11 4 1 18 10 22 30 63
43 17 7 59 46 30 27 55 20 21 54 64 5 56 53 52 25 29 4 10 2 28 35 26 9 31 34 65 49 61 37 45 58 48 12 33 60 16 3 44 62 11 40 47 67 14 32 19 22 63 15 69 36 39 1 23 41 8 68 66 18 24 42 51 57 50 6 13 38
23 7 42 11 56 59 55 47 46 1 15 68 21 37 54 64 63 22 38 65 41 66 27 58 51 40 9 39 31 26 35 60 10 20 69 4 49 62 12 32 24 8 19 2 57 6 43 52 48 3 5 28 44 53 13 25 45 33 29 18 61 14 34 17 36 67 30 50 16
32 51 52 62 58 40 20 63 49 23 8 7 31 11 24 46 17 67 44 64 29 2 1 39 3 15 16 10 69 53 65 38 60 42 13 21 56 9 28 47 36 41 43 68 66 50 34 26 30 5 37 61 27 45 54 6 55 59 19 22 18 4 35 14 33 12 25 57 48
67 50 59 56 13 19 22 44 25 60 54 69 7 68 31 45 6 36 42 47 29 65 52 11 57 26 2 58 63 34 33 9 4 48 30 53 64 46 61 23 37 16 49 12 14 8 1 3 20 41 27 17 51 43 28 18 55 39 62 66 40 35 38 24 21 10 15 32 5
52 54 13 59 11 15 22 39 50 23 38 43 45 34 25 64 37 12 24 26 68 55 62 32 36 60 3 28 51 19 20 46 14 48 67 6 47 33 7 61 35 9 17 29 63 1 27 49 41 16 44 4 31 40 21 69 53 5 2 18 30 57 56 8 42 65 58 10 66
58 56 6 66 48 28 2 10 30 18 16 7 40 53 52 33 20 57 51 60 44 29 59 35 12 24 43 46 42 23 34 8 17 37 38 5 63 41 9 62 31 39 21 69 67 4 11 47 61 65 64 19 27 3 25 15 68 26 1 45 49 32 55 36 22 50 13 54 14
64 43 5 69 37 18 10 45 13 49 3 23 47 54 8 40 41 21 27 68 24 42 19 29 65 30 59 16 39 11 61 44 51 9 67 55 17 15 26 1 52 14 66 31 62 38 53 46 35 7 63 22 57 34 32 20 58 6 36 60 50 2 56 33 48 12 25 4 28
46 4 45 12 11 21 34 5 35 8 67 7 36 43 13 32 27 54 47 30 17 2 16 63 23 9 15 64 10 37 65 60 51 53 25 39 6 41 22 69 33 18 50 58 52 55 61 66 42 24 14 40 19 56 68 57 29 3 31 44 1 48 38 49 62 20 28 26 59
37 54 28 36 5 58 29 56 8 24 2 61 48 10 31 51 45 52 23 44 68 35 33 30 12 50 19 22 64 32 7 42 20 1 4 15 62 47 43 39 46 60 40 26 21 6 57 67 65 16 49 3 13 25 17 14 59 66 34 18 41 55 9 69 38 27 11 63 53
20 18 3 8 25 4 17 26 23 47 51 68 54 40 6 16 36 2 45 63 1 9 39 66 69 60 15 22 32 19 52 48 67 31 53 35 24 28 58 38 56 13 64 43 14 65 10 33 7 27 5 21 12 61 34 41 30 55 44 42 59 37 57 29 11 50 62 46 49
54 63 64 28 34 15 1 16 67 26 44 24 19 40 58 5 32 23 57 36 39 43 31 12 6 14 55 18 4 52 42 21 53 8 7 56 60 49 65 61 47 17 20 29 2 10 41 9 30 51 3 33 35 62 48 27 59 46 37 68 22 45 69 66 25 50 38 13 11
13 15 66 61 56 45 23 8 47 68 42 67 63 65 29 48 55 69 33 12 17 41 20 53 34 50 43 54 46 26 39 64 30 38 6 36 19 57 49 11 40 59 7 37 27 14 62 1 31 10 18 44 52 21 32 2 28 60 16 22 58 9 25 5 3 35 24 4 51
32 28 48 10 17 52 26 54 5 23 55 58 14 67 20 31 12 65 11 56 59 69 60 47 4 36 24 7 21 35 1 15 42 57 6 2 27 63 43 62 19 51 30 49 3 64 16 25 66 44 53 22 18 9 37 13 8 38 46 68 50 39 41 29 61 45 40 34 33
58 1 43 56 39 46 64 44 40 5 62 47 27 30 19 52 15 22 65 55 54 25 17 42 63 37 35 31 3 20 18 8 67 38 6 32 34 4 41 50 48 69 21 36 59 28 60 9 10 68 29 53 14 13 26 2 11 66 61 7 12 51 16 23 45 33 49 57 24
39 44 24 43 53 66 69 8 11 7 37 6 15 38 3 45 29 49 63 58 18 10 19 1 20 2 52 64 14 56 27 61 47 30 40 34 32 16 54 22 60 46 35 67 13 21 25 65 23 42 41 59 51 62 50 9 57 12 48 26 68 17 28 55 33 31 4 5 36
54 1 49 20 30 41 10 58 38 4 40 42 32 6 3 17 13 68 57 55 53 39 16 22 11 14 44 45 31 47 64 7 29 56 24 33 12 27 65 18 5 61 43 36 63 66 35 28 69 23 50 9 34 2 8 26 37 25 51 62 21 46 67 59 52 60 48 15 19
7 48 8 17 26 49 41 24 55 29 52 18 4 54 23 56 53 34 15 61 6 21 59 32 19 58 45 42 25 5 64 36 60 31 46 63 11 27 1 50 44 9 35 57 39 3 28 43 20 38 12 51 22 2 33 40 13 30 16 67 62 10 47 69 14 68 65 37 66
41 4 11 58 56 60 32 39 13 31 33 69 24 20 55 5 36 30 48 23 8 6 42 66 67 12 68 27 21 38 51 49 57 9 59 34 19 65 47 54 28 14 37 63 44 43 45 64 52 53 61 7 15 35 40 2 22 16 50 17 18 62 26 29 1 46 10 25 3
57 32 62 19 31 9 40 4 63 16 37 20 23 65 18 21 35 43 17 30 11 33 36 61 52 47 64 24 54 44 12 27 60 58 25 66 26 7 15 67 8 55 5 46 13 29 59 1 34 38 22 41 56 3 42 2 39 50 14 53 69 45 48 6 10 51 68 28 49
29 6 55 59 49 60 23 47 27 4 25 45 7 56 64 3 37 53 34 50 52 2 48 63 14 18 66 42 68 5 36 62 51 28 58 57 9 46 30 33 19 20 12 54 40 67 13 41 44 38 61 24 43 17 65 21 15 11 26 8 1 31 10 16 22 39 35 32 69
20 64 25 33 26 2 69 41 3 24 62 16 9 37 48 65 12 54 14 68 39 18 67 35 40 66 59 22 52 29 43 36 34 4 44 50 23 13 58 63 31 49 61 7 11 21 17 57 55 10 51 30 53 32 38 45 5 19 60 46 56 8 28 27 1 42 15 47 6
54 9 16 46 69 24 37 39 7 23 49 65 12 10 55 31 32 4 66 53 11 41 19 45 56 21 51 27 22 64 63 59 17 34 15 44 52 58 25 14 20 30 35 62 42 47 28 6 29 67 26 13 1 38 43 57 48 50 40 3 2 36 60 8 5 18 61 33 68
29 34 28 19 30 53 14 33 43 16 51 11 10 68 24 49 59 40 46 12 62 4 66 3 37 50 2 52 1 64 56 42 55 9 44 13 36 32 65 60 31 21 23 25 54 38 26 17 69 35 22 5 15 20 41 7 18 67 39 45 58 6 47 27 61 57 48 63 8
4 62 52 12 5 66 28 14 15 24 30 68 16 25 17 39 20 56 64 41 21 51 38 54 37 31 2 32 11 10 18 34 36 55 69 60 27 35 26 9 65 50 44 29 45 58 43 42 6 3 33 57 63 46 1 53 59 67 19 22 48 23 7 13 47 40 61 8 49
10 9 19 15 38 45 62 61 21 42 17 52 49 40 16 4 6 33 50 24 47 13 55 59 30 1 39 43 31 48 37 36 20 28 41 57 23 60 63 11 14 3 64 56 44 53 7 2 58 25 66 5 26 8 29 46 51 54 27 68 32 67 35 34 18 69 22 12 65
55 33 24 16 38 23 27 58 1 51 4 31 39 6 45 13 69 61 10 14 5 21 44 43 22 62 52 32 25 7 30 56 20 46 59 11 37 57 36 50 65 17 35 60 3 8 18 63 48 68 42 34 47 19 9 64 2 41 66 54 67 28 53 12 15 40 26 49 29
5 53 41 42 65 58 51 16 29 17 40 3 19 33 26 62 4 63 14 54 24 12 9 34 10 1 44 35 11 32 49 39 6 28 68 15 61 37 21 43 67 50 57 18 30 22 2 7 48 59 8 56 31 38 36 45 23 46 52 66 60 69 27 13 20 47 55 25 64
69 17 53 55 56 12 2 13 32 31 33 66 27 8 57 3 34 11 45 36 24 35 25 65 44 4 61 41 40 62 43 10 28 16 15 49 64 63 20 26 58 51 67 50 38 59 14 23 21 37 19 52 9 7 1 18 6 47 68 48 29 22 39 46 5 42 30 54 60
58 31 32 25 66 33 64 48 38 27 65 68 20 61 42 62 57 56 50 63 1 21 4 10 43 11 28 47 15 8 18 49 45 12 9 23 44 54 6 67 22 17 24 53 19 39 26 55 5 40 36 69 41 35 52 46 51 16 60 30 3 59 13 14 29 7 37 34 2
20 45 65 16 33 38 17 55 69 46 48 13 12 3 11 22 8 56 2 53 9 6 34 42 41 57 26 43 18 24 63 68 44 10 39 14 21 47 36 50 64 60 59 35 27 30 58 40 23 67 28 32 66 31 51 5 7 19 29 54 1 15 61 49 37 62 4 52 25
53 11 29 50 64 52 28 23 39 33 63 62 43 59 38 35 51 3 47 19 2 46 37 67 24 5 4 34 57 17 61 27 1 25 6 58 68 9 65 21 49 41 18 36 42 7 32 26 40 45 20 16 69 14 44 48 56 22 8 30 66 55 31 15 12 10 60 54 13
47 51 30 18 49 41 48 65 40 4 68 36 15 64 33 55 5 19 6 69 38 45 27 58 59 57 23 52 54 13 7 10 46 3 61 53 56 1 2 60 62 50 35 11 37 12 26 16 9 24 28 29 44 39 22 67 20 14 8 43 32 63 17 42 31 25 34 66 21
31 45 59 3 19 57 23 47 25 10 32 61 2 56 50 21 9 30 58 28 39 14 51 53 64 38 36 68 22 67 26 49 33 13 1 11 43 4 18 42 12 40 66 8 60 29 37 15 6 5 62 48 27 52 16 63 24 69 65 54 17 7 55 35 44 46 20 34 41
36 60 44 64 40 20 29 46 22 32 18 43 42 47 21 12 51 16 14 50 39 55 27 62 5 53 66 10 41 31 13 68 63 17 38 48 37 15 9 4 11 59 52 3 54 65 30 34 58 26 2 19 56 24 67 6 35 33 23 7 8 28 49 45 1 61 25 69 57
15 62 69 46 65 57 47 34 6 22 29 7 59 25 43 67 56 11 13 18 8 26 10 16 30 36 51 23 53 17 3 35 12 24 38 50 9 2 52 28 14 58 1 54 19 21 4 33 37 49 41 42 40 5 64 27 66 45 39 31 32 48 61 20 68 55 63 44 60
17 4 60 48 45 7 67 58 63 62 65 46 28 21 51 1 57 26 24 11 53 43 2 22 54 66 13 5 49 18 15 19 61 68 37 35 50 29 32 12 52 55 64 8 14 10 20 59 6 16 44 25 39 9 34 36 33 41 56 27 42 31 69 47 38 3 40 23 30
28 22 34 46 35 48 59 65 45 54 16 37 64 56 11 8 66 23 12 26 10 50 52 62 14 17 18 47 39 44 67 60 5 21 20 42 69 33 19 51 57 1 15 29 53 3 9 58 30 13 2 6 27 40 25 24 61 7 55 49 36 4 38 68 63 31 41 32 43
63 20 65 37 3 11 53 41 55 17 42 61 38 22 39 45 32 49 2 44 15 58 57 69 60 30 56 5 67 40 4 51 10 27 47 59 14 35 36 16 50 29 7 13 62 26 23 68 6 21 24 12 31 28 1 66 33 43 25 46 34 54 64 18 52 8 9 48 19
2 43 46 45 63 39 7 14 53 49 11 15 13 22 35 9 42 58 27 10 18 62 65 21 59 31 26 8 36 50 24 69 3 56 37 47 51 40 19 16 29 28 61 6 30 34 57 17 54 67 41 52 44 66 4 60 55 5 48 12 68 33 20 64 38 1 23 25 32
46 50 38 35 51 26 20 45 31 67 39 65 21 60 33 42 5 6 2 54 28 30 59 15 66 63 48 22 57 41 61 10 4 27 64 18 36 12 7 55 34 1 11 44 3 58 25 47 49 56 53 62 29 24 19 14 37 52 68 9 8 43 69 16 23 32 17 40 13
6 7 24 26 10 66 55 23 40 57 30 49 17 62 4 63 22 61 29 50 33 59 18 44 13 28 11 15 36 60 45 9 48 2 3 12 54 68 27 56 53 35 67 21 20 65 47 1 41 19 69 39 32 51 43 34 14 38 42 58 37 16 25 31 52 8 64 46 5
44 14 30 53 49 5 56 15 39 33 52 7 55 50 66 11 42 4 26 6 47 35 24 28 65 32 16 21 17 19 59 68 41 51 69 12 22 64 20 38 45 10 61 9 25 31 63 60 36 58 3 37 34 2 67 40 23 57 62 48 1 13 54 27 8 43 18 29 46
31 47 17 58 18 15 68 28 63 59 64 5 24 30 44 1 50 20 25 43 66 69 53 10 33 35 4 11 37 21 46 54 8 42 55 62 65 41 2 36 51 12 67 49 13 9 48 61 60 32 22 3 29 34 52 56 6 26 19 45 16 57 14 40 23 38 27 7 39
9 11 24 28 1 27 56 42 55 47 5 68 65 51 19 13 25 62 35 57 34 14 59 21 8 50 38 39 60 64 61 4 10 29 54 41 33 12 18 2 26 22 6 15 63 49 58 43 45 52 17 16 53 30 36 23 46 7 67 20 31 32 66 48 40 44 37 69 3
33 5 39 11 46 49 7 62 14 37 58 60 48 10 44 19 3 68 2 69 53 6 40 34 38 51 31 35 23 42 30 21 13 9 24 41 22 64 20 59 12 54 17 56 16 18 32 25 65 1 29 27 36 45 66 55 52 63 8 67 57 4 61 26 47 50 15 43 28
58 12 49 19 20 60 68 54 35 25 52 41 32 61 17 57 4 48 44 38 16 51 53 46 42 55 3 43 62 29 37 15 28 63 66 11 5 50 23 47 67 31 18 1 30 40 24 39 45 14 2 26 9 27 64 36 7 22 65 69 34 6 21 33 10 8 13 56 59
63 11 57 24 33 44 25 37 40 2 59 68 35 38 69 54 10 61 34 5 60 16 1 64 15 14 45 4 17 27 42 52 6 9 48 58 21 19 22 65 46 3 53 26 51 18 56 36 8 12 67 50 31 43 20 41 49 62 23 55 7 30 13 32 66 28 39 29 47
49 57 27 1 48 28 17 35 15 11 46 63 65 4 33 61 53 42 41 14 20 5 56 26 19 6 24 47 55 54 25 2 58 52 40 51 44 32 59 22 39 31 38 18 62 12 8 3 67 23 69 43 45 64 21 36 68 13 10 37 50 16 66 29 7 30 60 34 9
57 51 36 9 2 68 20 40 58 44 49 47 1 10 34 12 55 25 41 50 7 15 22 11 35 63 64 43 16 28 24 59 26 56 23 69 30 61 37 3 8 4 29 18 67 53 14 62 48 5 27 31 13 66 38 45 39 32 17 19 65 42 6 46 54 60 33 52 21
43 20 67 15 36 54 18 63 65 60 1 50 45 16 58 24 5 53 52 30 11 44 56 12 42 47 41 10 33 69 61 40 6 28 32 23 39 68 31 3 9 66 51 35 2 21 62 59 27 19 22 14 64 26 4 8 13 25 38 48 46 57 49 34 55 29 7 17 37
29 10 7 60 31 57 24 19 40 51 6 55 45 16 46 11 17 62 3 48 53 30 52 38 65 9 1 66 37 39 20 42 28 15 4 64 59 18 2 63 56 23 54 67 27 41 5 49 25 33 43 58 8 12 13 69 14 68 44 22 35 32 34 26 21 61 50 36 47
