10 30
10 3 9 1 7 6 2 5 8 4
10 8 2 9 5 6 4 3 1 7
4 10 9 8 5 3 6 2 1 7
3 8 5 4 6 9 2 10 1 7
3 1 7 5 8 4 9 2 6 10
8 1 7 10 5 3 4 6 2 9
5 2 6 8 1 4 9 3 7 10
6 5 10 9 1 2 8 4 3 7
10 4 2 5 7 3 6 9 8 1
8 9 5 7 4 10 1 2 3 6
5 2 6 10 7 3 9 8 4 1
1 6 8 10 3 4 9 7 2 5
6 8 9 4 3 2 10 5 1 7
9 5 4 3 1 2 6 8 7 10
3 1 6 4 10 5 2 9 8 7
10 3 6 7 1 4 8 2 5 9
8 6 2 5 4 1 10 3 7 9
7 3 5 10 1 4 2 9 6 8
7 10 1 6 5 2 4 9 3 8
6 10 8 2 4 3 7 5 9 1
7 1 3 5 2 9 6 8 4 10
6 5 7 4 3 10 9 1 2 8
10 4 6 9 7 1 5 8 2 3
2 4 9 7 1 3 8 5 10 6
1 6 5 9 8 3 7 2 10 4
2 9 8 6 3 10 7 5 4 1
6 4 9 10 7 3 8 5 2 1
10 3 6 4 8 5 1 7 2 9
3 8 1 9 6 5 2 10 7 4
2 1 5 3 8 10 9 7 6 4
