2 69 69
9 2 12 39 57 10 4 7 62 25 60 64 20 41 24 43 18 26 21 17 47 53 6 37 5 23 55 52 67 38 54 63 3 13 28 50 51 59 65 61 8 30 29 22 36 32 56 44 15 49 27 34 46 66 33 40 16 14 58 1 42 11 35 19 31 45 69 48 68
10 6 48 62 60 54 25 51 57 58 29 5 53 41 38 13 67 59 30 66 49 27 56 20 16 69 45 68 15 23 37 31 24 65 21 32 33 47 34 7 8 50 1 3 36 28 44 43 14 40 35 19 55 26 17 46 22 42 12 11 52 61 9 2 64 18 4 39 63
69 26 38 3 14 5 44 23 64 52 42 25 51 41 60 62 35 68 50 66 37 49 61 33 24 7 47 18 22 16 45 29 65 1 11 13 32 48 28 30 6 20 19 58 15 31 56 12 17 36 43 34 53 67 54 63 21 40 46 55 2 9 10 59 39 4 57 27 8
38 59 36 11 16 66 63 28 8 41 60 19 35 29 32 52 14 33 68 62 51 55 4 69 6 13 65 53 37 30 21 64 25 39 50 54 67 43 9 7 20 17 61 48 24 58 5 47 15 26 49 57 56 45 31 34 18 46 22 42 12 40 2 10 23 1 27 3 44
39 48 47 40 62 63 2 67 52 14 32 7 1 36 49 35 55 12 11 5 56 69 46 3 30 50 10 19 42 9 59 20 21 23 17 16 18 29 57 60 44 4 61 33 24 6 13 26 53 41 37 25 28 27 15 43 54 31 58 68 51 38 8 66 22 64 45 65 34
64 15 22 31 9 61 21 51 29 27 18 7 19 49 6 66 3 35 40 62 42 67 2 23 41 63 32 52 4 60 20 13 10 37 53 65 58 50 5 43 69 28 39 30 68 14 59 36 56 55 8 12 25 45 11 17 26 44 24 46 34 48 16 54 1 33 38 47 57
19 38 59 61 5 24 37 17 34 12 16 49 28 55 10 7 1 18 68 20 56 57 21 39 45 51 6 69 65 67 27 40 13 15 23 9 30 66 3 47 29 36 42 58 50 32 63 22 44 26 2 11 14 60 8 53 31 64 54 62 52 33 46 25 41 43 4 48 35
1 18 61 45 35 48 30 42 44 25 7 58 49 11 68 41 39 43 29 65 38 9 27 59 8 21 50 34 26 14 64 23 3 2 16 40 10 31 12 66 55 22 56 19 53 51 6 33 52 20 63 17 13 60 47 46 5 4 67 32 37 54 62 24 28 36 57 69 15
35 60 10 17 63 21 34 42 45 37 18 66 31 13 20 5 30 6 67 4 16 14 9 57 44 53 46 54 1 36 64 65 33 50 2 39 61 15 62 38 58 28 49 26 47 41 43 29 27 51 23 3 48 59 69 11 8 68 55 52 56 12 19 24 32 22 25 40 7
50 1 30 17 59 25 56 5 34 9 13 54 58 55 43 14 49 19 36 6 4 24 61 27 21 16 57 23 42 33 35 52 39 2 18 69 7 20 3 22 66 29 32 68 28 65 12 62 41 63 64 53 67 46 15 11 47 40 51 38 31 37 8 60 10 44 48 26 45
60 17 62 52 23 55 51 58 13 20 48 44 67 21 34 63 59 11 56 10 57 12 27 40 47 32 19 53 35 54 39 3 66 45 8 41 18 6 30 31 7 33 26 9 25 38 5 50 4 16 28 14 69 49 29 43 15 1 64 65 61 68 24 37 22 42 36 2 46
1 68 59 20 47 46 34 25 53 63 4 32 17 22 15 35 39 55 67 51 7 61 26 14 43 2 50 33 52 10 48 12 28 18 41 44 36 11 56 6 62 40 27 69 29 8 23 64 37 49 21 19 45 57 58 16 66 3 30 65 24 54 9 5 38 60 13 42 31
8 55 31 20 60 7 9 17 54 14 45 22 50 19 2 6 34 59 15 64 65 21 25 27 58 63 3 46 29 40 24 13 16 57 28 49 62 41 26 10 32 5 67 47 51 44 35 48 23 69 18 56 66 68 37 12 33 1 30 36 61 42 39 53 38 11 52 4 43
34 41 28 33 27 64 47 18 60 37 66 1 58 24 59 63 16 30 19 42 15 7 36 57 4 12 55 29 38 54 40 49 65 35 46 62 11 52 20 23 67 10 43 14 26 56 45 25 44 17 32 13 53 8 9 31 6 68 21 3 5 22 39 51 50 61 69 2 48
66 58 64 47 28 31 16 33 25 24 7 60 42 8 40 46 57 48 32 26 22 45 67 23 65 4 36 1 18 59 68 30 49 51 2 14 63 12 21 38 52 62 35 19 69 17 37 10 54 9 3 61 44 20 43 50 5 55 34 27 6 53 29 13 56 39 15 11 41
41 64 1 22 35 20 69 37 56 66 51 34 68 57 21 13 3 63 43 12 44 29 65 60 9 59 39 47 2 10 8 5 45 36 49 53 24 40 46 52 62 4 27 17 14 58 11 19 55 61 38 50 6 16 48 42 30 28 32 7 54 15 25 31 18 67 26 23 33
41 48 19 43 62 20 61 38 3 44 39 49 68 5 53 2 10 34 40 21 15 31 9 7 32 17 55 50 51 6 58 69 33 16 65 63 8 57 54 18 27 37 29 30 42 23 12 60 26 59 25 56 24 36 11 64 47 13 66 45 1 46 14 67 28 4 52 35 22
24 8 41 26 53 45 46 15 12 51 25 64 59 19 27 66 67 63 52 4 2 55 31 21 58 43 23 69 30 57 6 3 36 42 32 48 29 28 40 17 5 10 65 9 68 49 13 54 14 56 35 33 50 1 18 62 44 60 47 37 20 22 11 34 7 16 38 61 39
51 27 10 15 5 50 32 49 43 39 53 29 28 45 52 48 34 12 31 69 13 9 8 33 42 20 2 25 44 6 67 60 40 18 22 11 46 7 55 30 19 14 24 41 35 62 37 16 68 3 57 36 54 1 58 26 56 17 66 64 23 38 47 65 63 59 4 61 21
67 54 13 12 43 22 51 11 24 65 59 29 2 15 38 34 27 49 52 31 21 58 57 9 3 41 30 69 1 19 40 17 62 35 6 66 16 37 44 45 32 55 20 46 26 18 50 61 4 5 14 42 7 28 48 33 39 36 63 64 23 56 10 47 25 68 8 53 60
69 51 39 7 34 60 41 50 62 4 53 23 26 20 1 40 64 46 18 12 36 15 31 47 52 38 35 19 17 48 45 57 24 27 67 9 61 2 14 5 8 49 16 55 22 13 44 63 54 68 59 56 11 43 33 29 30 65 21 58 32 66 37 28 10 42 6 3 25
18 66 2 62 44 19 58 16 53 41 67 15 38 30 20 21 36 14 23 1 39 35 5 48 17 3 24 46 64 6 29 40 60 45 59 50 27 32 63 49 9 25 68 33 52 11 57 34 65 13 22 69 42 10 55 31 28 12 26 37 43 56 51 7 47 4 54 8 61
31 67 43 36 33 49 17 60 19 10 61 23 11 27 25 64 44 14 8 24 69 35 16 51 50 65 20 63 45 52 15 7 9 41 32 39 40 37 22 1 30 42 68 57 48 47 21 54 56 5 4 46 58 13 28 6 12 26 66 55 62 59 38 29 2 34 18 53 3
10 45 24 3 52 46 59 41 66 50 18 67 27 7 58 51 55 21 29 13 8 2 26 12 22 23 43 62 47 30 15 49 4 69 28 57 6 44 34 33 9 39 48 19 36 42 25 63 40 60 56 20 32 11 1 31 38 37 35 64 14 68 16 61 54 17 53 5 65
44 30 31 37 13 55 46 7 19 35 24 18 56 9 21 14 6 53 12 39 33 1 25 42 54 51 50 15 41 26 67 4 69 29 60 43 49 61 59 65 52 8 34 48 40 20 32 64 17 2 68 28 47 62 11 22 3 63 16 10 57 23 5 27 66 38 36 58 45
20 15 28 2 54 65 17 3 37 33 40 38 27 21 29 31 51 59 26 48 35 50 68 64 9 30 4 58 7 55 69 18 22 36 49 45 63 10 1 53 57 39 34 23 61 25 14 52 60 13 12 47 32 19 67 16 41 62 5 66 11 43 24 46 42 44 56 8 6
36 68 59 55 41 31 22 12 6 65 24 5 47 60 40 7 46 33 64 57 10 62 38 1 2 58 63 66 52 37 39 44 19 9 21 28 16 49 30 45 14 4 42 25 50 29 61 23 15 35 54 43 69 56 53 34 67 11 3 8 32 13 20 18 17 48 27 51 26
15 22 43 46 60 25 4 64 40 7 30 54 42 27 6 61 53 38 63 19 13 23 66 33 26 20 3 41 28 67 50 55 69 57 37 14 31 11 39 59 10 18 68 45 48 9 44 12 17 62 47 52 58 49 36 35 21 16 1 51 65 34 32 24 5 29 8 2 56
9 60 44 17 63 50 38 31 48 52 57 13 30 7 67 42 28 68 41 53 22 10 6 66 12 29 3 69 39 47 14 8 51 37 58 1 11 16 23 4 61 19 32 20 43 26 65 35 5 55 27 2 49 54 21 36 62 59 34 56 46 15 33 40 18 64 24 45 25
61 60 66 1 53 44 31 36 20 69 42 15 52 57 47 17 33 7 56 14 46 18 29 39 54 23 35 37 30 25 28 67 68 48 22 2 21 49 45 38 43 51 5 55 64 8 19 27 16 26 65 10 11 58 32 13 62 4 34 40 41 3 24 12 59 9 50 63 6
56 28 2 50 39 34 16 22 41 67 43 36 40 64 7 27 24 49 55 18 63 59 6 45 46 51 35 31 38 65 52 44 37 47 68 9 62 30 4 42 23 29 61 5 12 8 58 1 17 15 19 26 60 53 69 57 54 20 33 48 11 13 10 14 66 32 3 21 25
14 13 45 30 36 11 29 41 64 28 3 18 16 50 17 53 19 26 5 48 27 9 10 34 6 69 35 61 42 43 58 37 40 63 49 51 52 20 59 65 66 33 54 7 44 24 21 2 62 39 32 60 23 1 38 31 56 12 25 68 22 47 4 8 15 55 67 46 57
62 12 42 38 15 30 31 4 59 25 36 1 5 7 24 58 65 69 56 35 2 44 28 41 57 49 64 8 29 20 9 48 60 14 53 16 10 51 27 22 34 43 39 68 40 32 33 47 17 50 54 45 55 61 52 18 19 67 66 46 23 3 21 63 13 37 11 26 6
13 22 11 42 17 34 54 50 12 2 62 52 29 57 33 24 36 30 47 23 37 19 31 20 69 27 15 39 40 68 49 51 4 56 61 18 3 66 9 44 63 7 55 64 45 28 48 26 5 6 53 10 43 25 65 14 8 1 32 59 58 21 35 60 16 46 41 67 38
9 55 48 2 62 6 29 4 49 52 30 21 38 41 25 19 13 43 47 50 45 40 46 65 12 42 39 64 11 1 51 16 61 23 32 60 17 58 31 24 53 27 10 5 63 54 3 36 33 34 28 14 69 67 26 57 68 59 7 15 22 66 8 20 56 35 37 18 44
63 60 46 47 55 21 42 5 31 61 35 22 58 59 2 23 68 11 32 39 65 24 40 17 16 34 67 8 14 41 44 37 57 54 56 6 50 19 36 28 18 52 27 1 10 26 25 48 38 9 12 29 30 43 15 49 7 53 64 20 66 33 51 4 3 45 62 69 13
35 12 49 58 69 2 48 59 66 17 40 57 30 45 5 61 33 53 13 25 23 7 51 46 24 9 64 19 43 55 16 29 62 63 42 15 27 21 67 8 38 68 60 41 54 6 65 22 28 10 14 11 3 44 34 18 39 26 1 56 37 4 20 36 32 52 31 47 50
30 23 25 43 12 2 50 44 66 62 27 26 56 19 39 40 67 14 31 37 32 45 41 69 57 9 54 16 33 6 42 3 24 61 4 51 59 34 20 11 13 17 5 8 15 64 1 36 48 29 21 38 58 35 52 47 55 7 68 65 22 60 28 46 18 63 53 49 10
69 30 19 61 51 29 57 16 10 55 31 67 32 26 13 58 18 1 14 49 36 37 33 50 63 21 53 54 27 64 24 9 65 68 5 48 34 15 60 43 62 41 12 40 56 8 2 59 25 6 17 23 35 38 3 22 4 7 39 11 44 42 28 47 45 46 66 20 52
26 57 16 22 6 4 53 7 5 10 35 60 69 3 32 64 46 17 61 28 2 27 67 9 15 13 43 23 62 20 40 41 48 55 34 39 29 58 47 14 54 51 68 50 19 31 63 18 21 38 8 11 36 1 66 56 30 12 45 33 25 37 65 49 44 42 59 52 24
40 24 49 31 33 37 4 14 45 56 18 54 25 12 38 8 39 36 64 69 67 3 59 44 61 58 63 15 55 22 41 42 30 20 50 35 7 10 6 62 13 2 21 28 53 16 17 66 1 23 43 34 27 52 60 19 46 29 47 48 9 11 57 32 68 5 26 65 51
35 59 47 42 66 52 25 15 45 31 11 62 53 39 30 8 28 60 48 1 29 16 27 6 54 46 44 26 43 34 49 22 14 21 61 33 41 65 50 63 38 24 10 36 5 23 67 17 56 40 19 7 69 9 3 51 20 55 12 68 4 2 13 64 57 18 37 32 58
20 49 29 63 61 24 4 40 35 7 55 15 5 36 32 1 53 3 28 10 17 11 68 46 21 43 41 22 9 45 26 13 18 19 51 25 2 65 44 16 58 47 42 38 30 66 52 23 37 27 31 34 50 69 33 56 59 14 39 6 57 60 64 67 54 8 48 62 12
67 20 36 40 43 29 13 41 37 30 42 45 14 24 21 16 61 54 18 39 49 47 11 1 55 69 3 7 31 66 44 4 50 9 15 2 26 68 62 56 34 17 6 46 32 64 22 5 10 12 48 27 65 59 63 25 33 60 51 38 57 19 28 53 52 23 8 58 35
21 65 14 39 57 44 26 67 5 11 48 47 61 15 1 64 58 2 34 18 27 31 4 16 60 20 13 42 6 55 52 53 51 24 36 43 66 30 17 38 50 10 35 19 23 8 40 28 25 29 56 37 49 22 32 3 41 9 46 33 59 69 68 7 45 54 12 62 63
50 33 28 39 24 20 62 27 41 40 52 66 63 17 42 34 10 38 4 67 1 23 19 69 21 48 9 13 26 14 7 47 30 57 11 51 15 36 58 44 37 5 3 22 65 53 18 59 55 32 54 61 35 45 60 49 16 56 31 46 68 43 6 64 25 12 2 8 29
48 29 55 51 63 46 4 5 8 9 66 15 65 67 1 28 40 54 60 19 20 10 16 31 3 26 27 62 35 53 2 17 12 24 56 33 64 57 47 41 13 7 38 58 23 61 22 69 11 50 32 37 45 39 59 68 44 42 18 30 6 25 36 14 21 43 49 34 52
40 59 47 66 36 15 67 29 63 46 8 4 7 56 16 25 3 62 12 30 21 18 48 9 5 23 17 33 49 10 32 65 19 37 54 26 31 24 68 39 20 14 64 28 34 61 55 27 45 42 6 53 41 43 50 52 2 22 57 51 35 13 38 69 58 11 1 60 44
14 20 1 32 33 34 27 61 63 22 11 58 69 12 3 60 55 38 54 68 39 64 25 6 37 62 41 53 18 56 43 23 28 49 10 17 9 8 15 57 42 45 67 44 24 35 51 65 7 4 16 29 66 52 36 40 30 26 21 31 50 47 59 46 19 2 13 48 5
57 4 24 47 12 66 49 17 13 9 22 20 42 48 31 5 64 58 68 33 37 41 15 59 45 60 39 44 54 55 26 23 62 40 10 46 27 2 18 19 25 36 34 52 21 16 43 56 7 69 61 63 14 1 30 8 38 67 29 3 51 32 28 53 11 50 65 6 35
34 67 49 58 6 41 37 55 19 51 4 52 42 14 16 40 60 15 2 25 27 24 39 44 23 66 1 10 61 8 46 11 17 7 36 32 59 65 30 26 12 53 21 5 45 64 63 33 3 57 62 47 22 69 28 20 43 48 18 29 13 38 31 68 35 50 54 56 9
58 13 66 15 31 50 51 61 12 60 56 42 44 23 30 49 52 69 40 36 33 17 57 43 53 18 37 24 67 48 45 4 68 11 9 22 28 54 21 46 2 19 20 14 41 10 8 5 38 32 29 64 27 1 3 55 34 16 25 35 39 59 65 47 7 26 63 62 6
1 64 29 12 60 6 32 66 22 45 18 61 50 21 24 62 47 40 10 58 54 31 63 52 23 53 51 9 25 56 11 5 65 59 26 42 33 7 3 34 4 48 19 8 15 20 35 67 43 36 2 38 39 30 17 55 41 27 49 57 46 16 28 13 44 14 68 37 69
28 58 8 33 64 53 46 42 3 19 2 44 6 12 34 20 52 24 40 17 43 39 14 68 23 59 55 10 37 47 62 31 50 26 61 9 60 4 25 67 51 22 48 54 56 45 5 27 15 41 65 57 21 36 69 63 35 11 18 7 66 30 16 38 32 1 49 13 29
32 20 67 40 3 59 25 58 52 26 69 56 62 37 33 66 5 38 1 24 8 44 18 29 47 17 34 12 6 4 57 65 19 13 30 43 39 53 2 23 11 50 41 31 22 9 63 42 10 46 54 21 7 36 51 49 68 35 15 64 16 45 61 14 55 48 27 28 60
30 63 52 45 65 40 9 32 31 41 50 2 39 59 23 25 51 58 54 26 42 47 12 48 67 33 10 17 22 34 11 49 55 61 27 3 21 18 66 38 35 69 19 62 68 57 29 5 4 43 44 53 37 46 24 1 6 36 15 13 7 60 64 8 14 28 20 56 16
30 60 12 41 10 3 61 20 43 28 59 39 52 8 24 21 18 42 46 63 31 66 40 64 17 45 53 48 5 62 68 67 36 26 58 22 34 65 51 2 50 33 16 69 27 29 57 49 44 55 9 15 14 7 1 6 19 37 11 47 23 56 54 13 35 38 4 25 32
1 28 8 39 67 3 63 47 64 44 43 4 29 55 33 25 24 18 14 27 6 21 68 5 53 69 41 60 17 37 61 65 34 48 16 9 22 20 56 12 57 51 7 50 23 15 42 36 30 2 58 11 38 54 10 26 45 62 31 49 52 40 46 66 19 13 35 32 59
28 39 56 26 9 11 42 61 22 57 1 43 12 2 33 66 48 58 53 49 35 40 4 10 41 7 38 31 20 47 30 68 32 25 46 24 60 59 55 36 19 67 17 37 13 27 14 62 5 50 52 63 23 54 51 8 65 3 34 18 21 29 45 64 16 15 44 69 6
45 69 64 67 44 60 13 4 26 56 63 9 37 57 48 41 24 7 65 8 27 32 19 39 28 66 34 40 1 29 3 31 33 30 46 52 58 53 14 36 35 5 47 42 17 11 59 20 49 2 50 18 16 25 55 61 23 54 62 12 21 6 10 22 68 38 51 43 15
24 50 69 7 31 15 41 8 13 6 45 2 32 36 60 22 18 49 29 59 58 37 62 46 30 27 65 48 11 35 54 52 66 25 14 55 10 33 23 1 5 19 42 64 28 63 43 17 39 61 21 47 44 16 12 4 51 57 38 56 67 26 68 34 40 9 20 53 3
22 63 18 23 16 60 64 68 3 47 69 51 66 46 33 26 36 53 52 45 54 10 28 13 29 9 11 58 25 2 57 55 15 41 30 12 21 42 61 40 32 1 19 35 27 14 8 38 17 7 5 49 43 56 20 34 65 67 48 39 44 37 31 50 24 59 4 6 62
22 48 55 45 33 61 65 2 58 10 30 16 1 59 34 15 53 31 51 66 4 17 12 69 43 56 50 41 39 6 44 64 21 68 28 20 62 42 29 19 5 67 26 13 32 40 49 14 36 38 63 47 23 11 24 25 46 18 52 27 3 60 9 37 35 7 54 57 8
17 38 68 59 27 29 44 32 8 39 14 22 10 11 30 64 15 23 28 4 33 62 42 20 45 57 25 40 43 31 51 41 67 46 3 19 21 9 56 7 18 53 65 66 13 35 5 49 60 50 1 47 55 34 48 26 61 2 54 69 6 36 16 24 58 37 52 12 63
52 50 64 30 63 56 29 31 32 20 67 38 7 69 25 21 1 28 18 65 66 42 48 37 60 51 24 14 44 49 43 55 11 36 12 16 27 33 15 4 10 39 5 61 40 13 47 41 9 58 6 26 62 68 17 59 3 46 8 34 23 19 35 22 57 45 54 2 53
52 53 45 10 36 60 65 34 5 42 20 17 35 30 62 46 23 31 1 6 25 12 14 49 2 58 26 50 24 3 68 11 57 7 9 55 33 69 32 13 54 28 37 56 47 43 59 51 4 8 67 44 63 40 21 29 66 18 22 41 61 19 48 64 38 27 15 39 16
34 6 57 41 21 30 22 53 55 46 31 11 61 9 50 37 35 13 38 44 58 23 26 36 65 19 15 45 51 24 14 66 18 64 48 33 62 69 43 32 25 52 54 67 20 28 47 29 40 1 68 60 56 12 7 5 10 49 17 16 42 27 63 2 4 8 39 3 59
43 38 39 64 60 2 63 46 15 23 42 4 12 45 61 57 24 8 13 28 14 11 35 33 67 7 62 65 49 56 69 36 5 48 31 51 27 16 19 1 25 20 9 34 18 53 40 44 30 52 58 17 32 59 37 21 29 66 6 55 41 26 22 50 47 68 3 54 10
51 68 35 38 8 50 20 42 11 52 55 5 61 34 30 64 63 6 36 14 9 2 43 25 58 28 48 31 13 62 22 21 41 39 10 16 45 18 29 37 24 57 54 23 15 3 46 66 40 4 7 44 49 56 26 59 69 67 19 33 53 12 65 60 47 32 27 1 17
