3 100 100
96 85 87 46 18 2 29 35 89 26 68 43 91 86 36 57 66 30 62 53 61 99 10 45 82 38 13 8 5 70 51 39 12 90 75 19 79 98 50 15 25 6 11 49 81 44 14 84 54 7 80 67 41 52 71 88 78 31 47 93 23 4 48 97 92 64 83 21 28 72 40 95 42 59 100 63 73 37 55 1 94 60 16 65 76 27 77 9 20 22 56 17 58 74 32 33 69 3 24 34
15 79 82 72 57 65 49 63 29 18 71 98 11 44 52 75 33 61 89 21 90 94 99 54 31 51 47 13 70 1 37 39 67 38 32 64 53 60 7 68 69 86 73 100 76 19 34 36 43 10 88 50 74 85 40 95 48 16 20 25 2 30 4 97 22 87 96 55 84 83 45 58 28 14 92 41 5 3 42 81 26 17 78 62 27 77 66 56 46 59 93 91 24 8 6 35 9 23 12 80
90 25 33 64 12 41 5 40 37 56 16 22 68 32 84 98 58 86 8 63 18 34 45 97 21 100 9 42 29 70 69 96 49 7 55 89 76 75 71 24 3 14 78 31 23 59 93 38 51 47 92 44 27 62 74 53 87 28 20 36 50 6 95 81 17 77 43 10 94 66 1 30 65 72 88 83 99 54 35 52 82 80 46 2 79 67 26 13 11 4 48 61 60 19 15 73 85 57 91 39
47 81 8 57 92 4 37 17 50 90 53 97 61 98 94 93 75 70 55 1 26 78 84 36 31 79 100 14 85 45 86 19 11 99 96 12 43 91 87 67 65 5 16 41 46 62 89 64 18 33 40 51 59 88 27 13 7 49 71 68 29 80 72 9 69 48 38 83 42 95 34 56 58 74 2 20 3 54 21 39 82 76 28 22 30 10 15 44 60 32 23 66 77 35 6 73 52 63 24 25
40 1 89 34 57 74 60 8 61 15 48 78 98 52 19 27 45 4 28 88 62 81 82 38 97 2 6 13 33 5 66 80 22 3 51 43 14 87 94 20 63 75 85 100 67 64 58 50 53 84 24 65 79 10 99 56 12 26 92 47 32 39 44 76 7 9 11 25 17 49 55 23 95 30 21 72 29 41 90 54 69 46 93 86 91 68 70 37 35 42 36 18 16 83 31 59 71 73 77 96
18 76 100 63 46 33 57 23 97 62 83 86 39 61 65 34 43 11 71 51 87 26 4 9 59 92 40 25 78 42 82 66 52 53 1 50 93 47 38 91 24 81 88 8 22 21 16 58 96 48 85 3 12 68 28 10 67 69 74 44 35 54 94 72 89 29 45 32 49 15 30 84 99 77 64 31 98 95 36 56 5 7 20 70 55 14 37 79 19 13 80 17 41 6 60 73 90 2 75 27
29 40 87 64 60 72 34 1 44 95 5 54 55 94 51 15 85 43 12 11 14 96 90 69 66 20 10 53 78 67 91 17 82 49 68 6 83 25 98 65 89 21 58 33 8 42 86 100 56 4 28 99 45 39 30 47 41 16 35 74 18 32 37 36 24 23 19 52 61 22 57 80 27 71 81 73 59 48 50 2 84 93 76 13 38 46 75 88 7 9 77 62 63 26 92 97 79 70 31 3
15 83 65 95 28 74 17 38 12 61 88 39 30 53 79 85 99 55 63 67 59 11 87 81 45 14 84 2 62 86 27 10 57 42 52 56 66 75 43 18 16 78 3 82 34 31 35 70 40 44 9 54 33 96 71 94 58 50 25 22 97 49 68 24 90 20 21 100 36 4 76 1 98 6 73 19 91 46 41 8 80 60 92 37 13 48 77 72 26 69 93 32 5 29 89 51 64 23 47 7
32 60 18 52 21 7 82 73 11 99 51 42 72 100 69 94 43 8 27 25 33 45 57 56 44 95 89 28 14 91 74 50 90 39 38 70 97 30 98 75 61 65 53 76 20 67 3 24 54 83 81 93 31 9 63 5 34 12 96 1 88 58 36 79 13 55 41 85 4 26 68 35 47 64 16 87 84 86 80 23 48 77 92 17 10 49 78 40 59 66 6 29 71 37 46 19 2 62 22 15
77 37 62 49 15 60 3 27 24 48 63 55 81 50 82 28 69 75 31 21 42 53 17 93 59 25 10 61 40 56 65 84 67 74 95 68 100 38 39 23 78 9 76 98 5 12 72 85 96 86 29 45 87 92 83 47 52 41 35 58 30 66 33 13 7 11 91 44 14 1 34 99 89 2 73 36 80 20 26 18 4 43 46 6 71 90 94 97 51 22 8 70 88 57 64 79 32 16 19 54
39 52 11 100 75 63 66 26 3 82 27 72 30 37 54 17 51 55 92 97 65 60 24 20 5 93 71 70 89 48 45 43 68 36 9 87 99 90 25 85 33 98 53 21 29 49 79 47 91 7 35 12 81 34 6 67 38 95 19 2 1 86 31 57 41 8 80 84 62 73 22 69 14 15 23 83 58 42 13 77 32 64 76 94 74 56 61 28 18 88 4 46 59 78 50 40 44 10 16 96
87 47 4 77 40 16 6 95 13 82 60 71 36 91 98 64 63 80 68 8 86 41 5 32 2 18 27 39 3 57 85 58 38 15 78 83 7 88 26 31 9 54 42 12 35 81 100 89 55 74 19 69 14 70 1 59 24 45 11 10 33 20 17 49 84 37 73 75 29 94 96 62 53 23 76 61 67 56 28 66 44 43 79 50 51 72 30 52 21 46 90 97 92 25 65 48 99 34 93 22
33 90 29 70 53 11 72 77 1 44 18 41 14 93 62 23 68 28 60 12 24 76 65 97 58 99 73 57 5 92 42 96 69 36 86 55 87 94 81 20 6 74 52 66 61 46 63 89 3 56 4 43 37 79 83 22 84 35 54 26 40 67 10 49 64 17 95 34 80 71 82 38 45 21 7 30 27 88 9 75 19 51 16 78 91 100 50 31 59 15 25 85 39 2 98 32 47 8 48 13
1 14 10 59 24 7 42 87 86 45 2 47 38 70 20 36 50 6 3 54 98 83 48 4 69 57 31 41 84 17 77 39 62 16 46 27 99 94 61 82 22 90 72 78 26 71 29 44 67 49 43 56 55 60 81 64 25 66 35 95 79 23 11 33 32 8 15 93 100 97 51 85 73 63 5 91 21 58 19 18 30 28 74 12 53 89 34 88 65 9 92 96 37 52 75 40 76 80 13 68
86 16 97 93 54 57 19 12 25 83 32 45 31 3 53 55 62 91 84 13 75 36 2 61 6 8 63 94 20 95 49 71 51 48 74 66 72 11 92 35 17 69 85 52 21 22 1 60 4 15 70 27 73 42 68 96 9 46 44 76 79 26 81 82 65 98 5 10 30 23 90 77 34 78 28 38 18 47 39 40 89 67 56 100 88 43 14 50 7 37 24 99 29 64 41 87 59 80 58 33
73 6 31 67 85 30 69 23 70 52 42 83 100 19 55 82 54 43 18 9 20 95 10 1 36 78 97 13 89 72 65 33 87 41 99 39 44 16 59 90 94 47 21 25 86 49 28 22 75 40 27 34 88 8 62 57 66 11 2 58 84 53 24 56 38 71 32 17 61 63 68 3 26 51 35 14 81 37 4 50 92 15 80 76 64 98 74 60 29 77 7 48 79 5 12 91 93 46 45 96
43 32 8 62 27 36 65 31 30 1 2 45 88 58 90 96 100 91 61 23 87 9 17 73 57 24 81 14 18 46 74 56 78 15 7 19 85 95 93 53 69 54 10 70 21 11 64 75 84 22 4 42 3 51 41 40 6 49 26 33 94 29 77 20 89 67 38 59 71 76 13 5 25 35 83 44 52 12 97 66 72 68 92 50 34 99 47 28 60 98 82 86 63 48 39 16 37 79 80 55
88 34 25 6 12 19 75 1 50 43 7 53 83 96 74 65 37 52 9 66 23 89 15 41 48 94 55 29 10 82 24 79 5 21 16 22 70 77 86 85 56 32 28 27 20 63 87 54 72 45 36 40 57 99 39 3 68 61 64 44 2 58 14 30 71 8 51 35 91 95 49 78 76 93 81 18 80 17 62 38 60 46 73 26 4 97 33 31 13 42 59 98 47 11 67 69 90 84 100 92
31 15 78 65 96 87 43 28 19 17 92 71 57 72 29 26 48 34 16 45 93 62 77 74 13 73 61 38 76 21 37 94 91 27 63 56 59 98 49 90 84 42 52 85 23 24 44 58 14 25 100 86 79 7 80 69 9 1 40 53 47 20 18 66 95 30 4 39 89 8 54 83 2 70 12 22 33 3 82 46 88 97 11 35 41 10 5 60 99 51 36 55 64 75 68 50 81 67 6 32
26 14 32 81 42 55 39 12 82 24 48 31 65 90 60 94 95 84 20 89 69 78 19 68 57 46 25 35 30 17 72 98 56 51 33 54 58 3 21 37 11 85 86 29 92 40 28 67 99 91 53 6 18 59 64 74 100 10 1 34 52 66 49 76 88 47 87 41 77 73 83 80 8 45 71 2 27 44 93 50 38 7 43 96 97 16 5 70 15 36 63 75 62 79 4 61 13 23 9 22
15 10 53 52 76 19 60 91 25 50 2 24 79 48 42 47 66 84 77 39 54 31 61 5 23 35 94 64 57 80 36 96 100 41 58 18 9 56 46 17 72 8 40 68 71 73 89 70 32 99 14 12 92 45 63 82 30 34 51 81 26 43 98 22 28 38 20 1 55 69 27 6 87 88 90 7 67 93 37 62 49 21 44 75 97 29 86 11 95 33 78 65 59 3 83 13 85 4 16 74
97 80 90 10 21 14 1 45 57 51 81 66 35 47 28 24 67 25 11 78 32 46 39 74 76 69 48 12 63 37 42 5 23 20 91 88 44 27 72 65 61 22 55 70 3 43 58 38 64 18 82 41 92 16 95 62 68 96 75 59 7 2 79 36 34 73 98 9 71 31 13 40 53 99 29 19 30 26 87 50 83 6 86 4 15 49 94 56 89 93 100 77 60 85 54 17 33 8 84 52
62 21 72 45 36 57 78 37 18 91 2 49 43 66 24 58 8 23 71 51 85 59 50 13 64 86 1 30 99 20 63 34 98 54 83 76 92 35 88 27 25 14 22 19 60 4 100 55 7 70 61 74 6 97 3 77 41 40 32 17 10 56 84 15 5 44 28 68 48 53 90 38 65 80 89 73 67 42 81 96 16 39 93 87 26 75 79 31 69 52 29 12 94 11 9 95 33 46 47 82
41 82 100 58 22 5 63 61 95 83 40 21 45 51 34 44 62 98 85 6 24 11 2 25 69 28 68 47 17 87 50 91 66 8 99 16 79 92 94 57 70 81 59 13 33 36 54 84 12 30 55 23 9 88 56 86 7 76 73 18 48 1 80 65 37 60 19 14 93 77 27 38 20 26 97 52 35 29 43 32 42 31 64 10 89 74 53 78 96 90 46 71 75 15 72 3 4 49 39 67
20 25 33 6 29 61 75 44 84 42 64 63 68 38 32 5 82 76 40 18 56 52 100 96 89 66 17 77 30 36 54 65 69 74 58 67 37 41 16 98 88 1 79 43 81 85 35 62 87 90 7 11 51 14 31 80 78 34 47 50 49 4 57 95 13 72 9 26 27 48 55 59 39 8 28 15 22 73 93 86 12 70 19 53 99 23 60 91 24 94 10 71 83 3 2 21 45 92 46 97
78 98 9 11 18 40 2 64 12 44 22 20 92 26 36 28 48 49 14 54 27 72 53 73 6 33 37 34 95 57 68 87 19 45 99 66 75 100 61 56 46 89 82 55 35 5 10 52 77 79 13 50 76 17 16 1 43 47 90 83 86 62 42 3 21 80 81 65 23 8 74 25 96 85 63 29 67 93 15 7 51 30 71 31 32 91 4 24 94 41 59 97 70 38 60 69 84 39 88 58
99 54 44 55 37 29 64 60 21 80 47 66 25 4 27 73 24 1 76 98 12 82 97 26 36 75 81 100 15 9 88 78 70 93 89 92 91 16 84 56 52 95 7 49 17 94 5 48 23 63 51 2 41 79 32 19 71 3 87 28 86 13 65 42 39 96 6 38 45 90 35 18 8 40 50 83 67 59 68 77 46 85 33 53 58 20 57 31 22 61 10 34 69 11 62 74 14 72 30 43
38 42 68 88 96 99 53 77 30 86 35 41 27 66 12 52 47 50 78 61 65 85 72 18 19 95 69 74 6 91 62 40 20 33 34 73 60 39 7 71 3 17 21 82 55 98 59 56 9 36 87 16 92 14 28 1 89 94 57 76 100 10 24 79 44 23 58 70 25 63 2 37 22 75 26 13 49 32 64 90 11 15 84 97 67 51 45 4 46 81 29 8 80 54 5 31 83 93 48 43
12 42 36 6 11 77 39 97 74 67 22 48 95 45 91 81 50 71 75 59 41 55 15 26 29 99 2 79 1 14 96 80 37 49 63 24 7 69 72 51 34 33 40 64 87 52 28 10 58 94 21 100 85 30 70 98 78 27 60 86 19 25 38 83 18 53 3 46 56 90 5 68 89 35 17 62 54 44 88 31 57 8 92 43 20 16 76 82 9 13 47 84 61 32 66 65 73 4 93 23
24 37 38 56 23 31 70 35 29 60 89 44 13 9 72 55 32 47 20 21 19 2 46 98 85 6 81 57 14 77 34 33 94 30 74 28 11 48 49 52 97 65 79 53 84 69 22 78 18 66 91 93 68 99 92 71 5 17 36 42 10 8 43 1 41 51 45 75 61 96 25 15 59 16 40 76 64 95 39 67 58 83 88 63 26 27 86 50 3 87 54 73 4 62 80 7 90 100 12 82
29 16 74 12 61 8 86 58 23 66 48 15 84 69 89 51 77 26 32 96 5 43 54 47 85 34 87 81 90 35 67 64 19 10 36 14 6 40 41 83 11 18 72 3 62 75 1 82 71 21 52 76 42 92 56 4 28 55 60 59 39 73 45 93 65 78 9 95 57 70 25 30 46 38 49 91 22 20 27 2 79 94 31 53 100 68 17 97 80 7 99 50 33 37 63 44 98 24 13 88
82 93 65 7 69 66 99 24 23 54 13 18 63 87 77 67 46 74 28 29 96 72 3 76 11 48 58 60 5 79 55 35 9 57 15 20 21 98 16 47 73 68 78 27 17 51 43 40 44 81 100 19 86 53 10 95 52 32 94 12 88 45 64 39 41 42 97 2 31 22 80 36 92 30 50 1 56 6 38 89 14 70 62 85 83 59 33 34 61 91 71 25 8 84 37 26 90 4 49 75
37 81 89 94 45 20 31 54 52 36 91 38 58 32 28 3 25 60 80 26 30 22 47 57 18 23 68 8 72 10 74 98 12 43 11 61 95 41 15 56 66 14 42 90 51 59 70 53 73 6 92 86 83 71 34 33 62 27 49 35 19 82 76 40 79 17 63 69 16 93 88 21 85 96 39 50 48 2 24 64 13 87 29 75 67 1 46 100 55 9 7 99 4 65 84 44 97 5 77 78
76 8 10 82 27 54 34 57 30 65 86 58 66 36 73 7 78 64 9 49 99 85 97 93 92 15 94 48 87 13 55 35 69 14 96 81 40 75 88 17 42 37 20 41 25 62 52 33 5 79 4 28 47 46 63 32 61 21 83 67 77 50 72 43 74 6 23 53 16 44 100 84 70 95 38 56 1 60 26 12 80 89 51 18 71 59 39 68 90 2 3 98 91 45 29 19 11 31 22 24
12 43 28 94 99 55 53 85 32 19 48 24 57 74 22 44 45 91 29 52 15 51 63 80 86 89 23 58 93 92 79 84 26 25 77 64 81 36 41 72 59 17 21 46 39 67 76 14 49 6 35 33 61 98 9 71 7 47 37 50 30 3 54 4 78 83 62 34 75 2 96 38 31 82 90 56 20 97 95 1 66 60 42 65 8 11 87 5 73 13 10 88 100 27 70 68 69 18 16 40
96 75 90 41 28 62 37 59 36 55 17 52 48 71 61 51 98 13 47 25 67 27 14 87 93 4 19 9 82 1 94 70 20 39 73 32 2 42 11 69 58 78 43 33 63 84 68 26 81 22 49 40 86 38 21 23 76 57 12 99 8 53 18 92 60 35 79 74 56 80 6 45 85 15 95 30 44 16 64 46 88 91 97 7 89 83 65 77 50 54 66 31 34 72 3 10 24 100 5 29
51 43 77 7 60 67 59 83 20 28 50 38 17 39 22 36 10 70 90 13 15 55 46 42 71 98 34 65 84 33 85 100 31 27 48 58 1 72 79 19 52 9 4 57 40 61 56 93 29 66 63 14 37 21 53 95 75 64 68 8 45 6 54 82 47 2 26 25 62 41 74 78 87 23 94 89 76 86 32 5 16 97 81 49 24 44 12 96 69 92 3 35 99 91 11 88 80 30 73 18
48 85 56 76 26 1 93 28 5 60 51 44 84 94 55 49 2 59 71 20 40 69 53 64 65 23 100 10 8 83 14 41 88 45 34 98 79 90 35 21 37 32 42 54 63 67 47 92 18 52 99 4 36 9 39 74 57 22 68 6 70 62 77 13 91 66 58 7 80 12 86 38 87 89 78 11 82 19 97 43 17 31 15 61 46 81 75 73 95 50 3 24 96 27 33 29 25 72 30 16
17 20 39 58 53 75 70 95 48 15 43 29 73 23 25 72 6 80 11 33 51 4 1 30 44 62 61 83 65 77 52 9 82 2 22 28 94 13 41 56 24 36 47 34 32 78 54 93 26 67 50 64 98 16 97 69 19 55 12 46 76 59 87 18 38 99 7 8 74 86 49 88 40 91 57 90 14 84 5 100 27 89 60 37 85 68 42 31 71 92 66 3 96 63 79 21 45 10 35 81
6 22 20 28 73 88 95 72 83 97 44 94 1 30 75 55 69 27 60 74 79 14 82 29 81 35 11 76 40 7 59 48 84 21 13 91 16 8 77 68 9 18 37 46 86 80 61 63 15 49 4 93 19 90 67 31 92 38 51 52 43 96 62 32 42 5 25 53 98 58 50 87 33 57 26 47 17 2 71 100 12 56 23 54 45 39 3 41 10 34 24 36 64 65 99 70 66 85 89 78
87 19 18 29 41 5 8 43 35 60 16 13 4 86 74 65 31 83 66 94 64 58 97 23 82 25 6 59 70 89 50 20 63 28 44 90 61 67 15 57 52 14 17 95 12 93 91 1 11 2 85 32 56 3 96 84 100 45 27 75 34 81 88 79 62 48 36 80 37 78 69 54 7 68 10 76 42 9 49 73 21 33 26 30 55 47 39 22 92 38 24 99 51 46 53 40 72 98 71 77
12 21 7 17 34 50 98 63 23 37 65 22 15 95 46 36 56 76 30 68 83 64 24 42 96 99 85 58 97 39 75 47 27 49 70 62 80 51 87 29 92 61 77 91 4 79 2 60 86 88 100 10 90 43 59 74 72 25 67 1 53 66 45 19 71 48 14 8 55 5 93 3 28 94 54 20 11 26 82 73 89 31 32 16 52 33 13 69 40 6 57 35 78 44 9 81 38 41 84 18
27 5 88 82 84 1 61 19 37 34 20 58 65 54 30 25 74 14 78 80 94 47 86 43 57 83 3 71 69 4 97 7 17 55 32 46 85 89 31 21 36 93 33 23 90 38 41 63 10 53 40 70 67 50 35 96 64 29 15 68 62 12 51 87 28 42 59 73 18 72 95 56 11 8 81 49 26 60 79 92 39 100 22 44 52 66 9 45 98 6 13 24 2 75 16 48 91 99 76 77
76 35 4 78 45 27 52 51 96 65 48 61 13 59 18 53 72 80 58 55 8 95 83 70 33 77 73 62 30 24 39 2 25 42 7 43 82 37 75 26 22 29 15 81 94 44 1 16 93 10 31 19 12 71 86 14 54 34 21 46 41 23 3 100 60 67 74 90 91 5 63 84 66 6 68 87 17 38 98 11 79 49 32 99 85 50 57 92 64 88 36 97 9 69 40 89 20 47 56 28
14 55 43 92 13 31 69 37 68 16 29 98 30 2 8 65 9 21 71 84 62 41 54 95 22 53 35 79 67 5 50 27 15 59 49 57 17 12 18 23 32 3 45 40 11 77 85 89 72 94 56 75 61 99 33 28 78 46 39 10 88 90 4 96 74 44 51 48 60 83 73 38 36 82 87 70 63 66 76 26 24 42 91 6 80 52 20 81 7 97 100 34 93 47 25 58 1 86 64 19
94 6 7 13 24 18 86 89 45 98 95 62 81 56 83 33 79 82 35 84 66 97 15 34 17 50 58 68 26 21 60 72 70 85 91 47 59 16 69 25 30 39 28 19 31 75 65 53 11 74 61 63 71 88 55 8 3 100 20 64 38 80 48 57 93 99 49 51 41 37 10 27 32 77 2 14 9 22 52 12 73 96 87 23 29 44 43 92 90 36 4 67 1 78 40 42 5 46 76 54
79 37 11 83 38 14 81 58 41 24 17 26 27 68 57 48 60 6 39 1 25 4 54 42 32 96 59 3 8 34 84 5 93 28 2 88 69 97 30 100 51 75 98 31 50 33 45 78 80 13 63 89 61 91 92 16 47 77 49 35 87 90 12 53 20 36 62 67 73 46 66 18 23 9 76 99 56 74 82 22 19 40 52 10 65 55 21 64 29 94 43 72 95 85 71 15 86 7 70 44
86 53 17 14 74 24 41 36 35 32 92 25 4 21 29 19 13 59 23 20 10 87 80 84 91 30 71 58 75 89 100 2 77 1 63 79 88 48 95 39 62 22 28 69 40 27 83 64 37 42 3 49 72 68 8 98 11 47 76 9 55 38 60 57 90 6 94 46 7 67 78 33 18 5 16 82 31 65 85 12 81 15 44 70 43 73 51 34 50 26 93 52 56 97 54 96 66 99 45 61
59 100 44 91 73 54 17 4 10 38 67 70 52 31 50 89 16 25 29 97 11 82 96 92 26 94 42 12 88 18 63 3 27 56 32 48 87 75 68 77 36 66 90 39 86 45 69 93 23 37 60 53 85 22 61 20 84 51 99 78 49 5 7 83 62 34 72 21 65 19 33 1 81 95 71 28 47 13 80 9 76 35 40 57 55 74 79 30 43 58 98 46 24 41 2 6 14 15 64 8
38 35 7 17 36 34 51 62 63 49 14 15 53 96 33 79 64 18 24 47 12 95 76 13 16 37 80 39 83 86 55 10 40 30 4 91 27 88 93 45 9 19 67 5 84 56 59 65 25 1 43 31 99 60 90 22 8 75 81 46 20 87 74 29 69 3 54 73 48 78 23 28 98 72 41 21 44 70 58 92 2 68 26 66 77 32 82 50 89 85 11 52 94 61 57 97 6 42 71 100
67 39 76 64 15 5 1 34 21 89 9 55 25 60 66 74 41 99 12 78 82 13 93 48 7 45 28 6 87 62 43 57 63 49 96 65 19 8 69 91 77 68 3 51 53 35 70 90 73 4 75 46 86 20 52 23 92 32 94 95 71 11 18 26 56 44 22 47 54 42 88 16 97 30 17 40 85 14 59 79 100 37 24 29 10 84 38 72 98 61 80 81 58 36 27 31 50 33 2 83
85 29 94 47 71 5 42 58 10 65 67 32 62 82 69 93 64 23 51 52 68 100 87 22 79 44 19 54 90 57 60 20 38 39 13 70 56 6 40 63 8 48 92 25 59 76 43 98 50 21 81 83 41 27 89 37 96 28 75 35 78 55 72 36 14 24 30 17 53 3 86 1 99 88 66 15 33 95 46 18 2 61 26 45 31 91 34 77 73 49 84 80 12 11 7 16 97 9 74 4
18 93 15 94 65 70 96 21 90 74 95 7 35 3 10 45 37 57 26 39 69 51 91 19 13 59 11 87 48 47 49 73 88 33 22 43 54 12 100 79 68 23 5 46 28 44 98 99 92 61 97 30 50 16 52 1 42 6 8 72 75 83 85 4 66 9 55 24 31 17 86 78 34 77 29 64 81 14 56 80 32 63 62 67 41 36 38 40 27 25 89 76 71 84 20 60 58 53 2 82
76 32 63 31 21 20 22 24 46 73 25 79 66 56 69 78 42 6 5 72 97 81 35 13 3 34 59 75 57 27 96 38 37 53 11 39 43 99 91 14 23 40 47 26 51 90 100 87 86 4 92 49 60 98 48 45 77 84 67 9 33 88 62 7 95 2 15 55 12 17 80 52 58 30 10 85 93 61 50 64 44 18 8 94 89 54 82 74 1 70 83 29 71 19 28 41 68 36 16 65
80 5 15 9 11 1 96 69 16 39 85 46 84 98 42 95 34 79 17 75 93 58 26 41 54 86 10 82 97 59 73 89 52 37 6 53 38 47 88 35 48 12 92 45 40 77 71 100 7 18 81 67 57 14 21 63 31 30 50 32 56 74 68 3 27 44 87 36 22 55 70 91 25 24 94 99 72 61 66 28 43 33 62 8 13 19 23 51 20 49 90 76 65 60 64 29 4 83 78 2
99 3 25 42 33 5 92 43 90 39 16 81 22 32 95 56 84 1 11 36 68 77 40 52 53 100 59 93 76 96 10 47 65 45 21 85 82 7 97 60 83 62 80 44 57 30 70 91 94 8 50 64 71 78 19 72 29 17 51 88 20 23 27 2 98 41 18 73 55 48 86 14 9 54 46 12 37 79 75 13 87 31 15 35 61 67 4 58 6 49 63 66 34 24 69 89 38 28 26 74
26 47 54 20 67 76 7 12 57 72 94 16 65 14 28 41 78 32 50 62 27 79 59 44 35 39 18 92 68 38 60 66 51 69 21 42 11 15 36 82 48 87 83 31 24 64 53 10 70 2 49 55 13 6 9 90 98 23 45 96 63 1 89 74 3 33 8 95 22 93 80 81 86 97 25 56 46 91 19 100 17 43 29 61 77 30 34 85 75 71 99 84 4 5 40 73 37 58 52 88
71 69 22 81 53 17 36 39 97 61 85 98 31 20 33 75 49 18 24 68 83 9 72 12 10 77 100 96 3 26 29 23 8 95 21 79 99 2 4 59 74 1 38 46 82 27 58 84 37 35 91 55 88 94 92 32 51 16 70 90 11 73 76 48 56 44 86 7 40 14 45 52 65 6 30 43 28 66 80 62 19 15 13 42 93 41 57 5 63 87 47 25 64 78 60 89 50 34 67 54
14 88 10 34 27 70 73 51 23 62 96 37 92 13 99 16 24 60 77 79 89 25 19 66 98 40 29 41 30 84 26 59 1 7 63 43 39 12 49 11 94 65 2 54 80 82 44 22 69 78 56 55 97 47 52 85 15 61 58 4 17 57 64 8 5 38 20 3 50 81 100 86 83 31 91 93 33 76 71 21 95 32 46 72 35 68 28 48 53 6 9 87 45 75 74 18 42 67 36 90
13 91 17 19 66 20 23 73 35 44 7 12 10 67 84 95 68 82 94 99 39 65 14 28 11 78 21 74 69 80 100 88 59 79 75 15 61 36 25 64 72 16 63 27 85 83 45 5 89 86 6 53 96 57 40 70 24 42 46 58 97 55 29 54 52 4 32 18 56 2 51 3 26 93 34 43 47 38 60 8 22 76 30 33 41 1 90 62 31 48 9 71 37 87 77 49 92 98 50 81
22 65 79 85 41 77 2 89 50 52 30 83 37 18 35 96 42 33 93 86 34 99 78 100 63 88 95 19 53 74 71 47 48 81 58 57 24 20 66 40 11 82 17 60 15 73 49 46 1 16 9 29 8 21 12 32 72 91 23 5 26 13 38 27 69 97 67 80 94 39 6 14 87 36 62 98 51 54 43 25 61 56 45 59 90 10 44 4 70 75 7 64 84 31 92 28 3 68 76 55
61 46 100 9 69 70 38 57 63 11 86 58 55 47 53 75 5 87 30 89 36 77 25 95 72 44 34 80 91 60 52 4 67 41 43 31 13 79 68 90 26 1 98 50 83 40 82 27 37 7 73 65 71 35 28 56 24 96 33 29 81 59 21 19 64 6 76 78 22 23 84 74 14 88 99 39 92 10 17 51 12 62 16 18 2 49 3 42 8 97 54 45 93 94 85 32 66 15 20 48
5 66 37 80 28 47 29 53 27 1 51 77 14 90 41 64 74 62 46 69 32 31 2 10 86 81 22 67 35 33 39 3 96 57 18 43 58 68 30 91 82 56 95 6 55 9 49 79 45 92 59 100 16 26 7 89 70 17 78 98 11 8 50 20 12 87 48 19 23 25 44 38 34 52 60 75 76 83 21 97 65 73 94 13 85 54 40 24 99 93 4 72 71 88 63 84 42 15 36 61
94 65 30 19 66 74 18 46 97 68 72 80 55 95 48 93 44 45 4 71 20 16 21 56 91 92 73 70 47 23 43 42 62 54 51 85 39 100 22 50 33 79 89 67 96 37 11 38 3 58 7 90 77 76 26 1 25 36 82 57 27 60 12 8 53 13 61 6 87 34 81 2 31 49 24 40 99 32 64 9 78 98 69 28 35 59 83 84 88 41 63 52 86 75 15 29 17 14 5 10
66 61 88 43 11 52 77 14 63 16 72 5 90 98 82 80 4 53 22 42 99 45 36 28 48 15 26 75 94 32 54 93 21 60 79 67 46 9 3 49 37 10 56 39 68 17 30 1 55 20 24 76 47 2 27 95 6 74 35 85 8 12 38 81 84 73 91 87 31 25 59 71 96 70 18 50 62 13 40 34 33 57 58 23 29 89 64 41 44 7 19 86 92 69 78 83 100 97 51 65
72 70 65 95 85 22 51 31 66 100 41 26 71 34 11 17 3 91 69 45 10 73 61 33 87 21 18 14 78 89 64 27 63 52 20 98 43 44 62 90 50 47 97 88 39 56 59 8 29 13 5 77 75 24 23 42 58 53 60 74 57 1 82 35 7 25 76 40 30 4 83 15 79 67 94 99 68 6 49 28 37 46 54 38 84 36 48 93 16 96 19 92 55 81 2 9 12 32 80 86
42 19 74 58 75 23 35 92 2 10 53 98 40 86 49 25 27 64 68 39 15 24 21 6 65 18 41 28 61 90 78 16 14 12 83 96 32 38 9 88 95 50 11 71 97 60 73 69 52 79 29 54 57 99 70 91 3 62 55 33 4 30 84 44 34 31 51 22 7 82 67 63 45 26 47 5 85 81 94 13 17 77 46 80 20 100 48 1 43 76 59 8 87 93 89 56 72 66 36 37
11 48 87 45 78 84 26 80 85 92 19 100 64 59 66 56 58 27 74 28 52 55 41 81 61 73 9 35 29 17 99 2 40 3 22 14 16 43 97 6 65 20 88 70 95 82 4 47 32 46 24 23 79 49 60 33 51 83 37 86 53 75 25 36 54 12 71 63 42 5 7 69 50 68 96 10 72 44 90 1 13 34 18 89 30 67 94 91 15 93 8 77 39 76 31 38 62 21 98 57
59 9 37 63 72 67 22 34 80 96 39 10 27 40 38 26 14 69 68 65 46 4 5 42 57 29 12 6 62 55 3 86 54 31 44 21 7 75 17 73 90 76 71 49 58 81 87 16 74 100 84 92 30 52 51 61 78 13 53 56 43 50 60 83 88 25 2 97 77 24 64 99 32 23 41 89 95 1 19 15 8 28 85 98 79 45 35 93 91 33 11 47 20 18 48 82 94 70 36 66
49 91 3 39 36 43 95 56 50 87 27 41 38 77 25 52 69 84 63 26 68 28 22 73 96 34 90 31 66 8 100 61 1 70 4 21 30 42 48 6 47 78 94 97 24 5 7 23 29 57 80 82 88 67 79 18 10 74 64 60 37 16 98 65 89 17 15 55 59 19 35 81 11 53 20 86 40 83 71 2 62 13 9 72 58 44 12 93 32 92 51 54 45 99 76 33 85 14 75 46
2 67 46 24 4 68 59 10 71 73 17 88 75 26 1 50 38 82 34 37 22 89 95 3 18 86 16 43 41 76 27 58 39 55 28 56 90 20 78 29 51 54 25 100 30 57 79 74 15 7 61 45 44 85 42 33 70 87 94 47 98 31 83 9 5 12 93 53 65 19 60 69 13 48 91 96 6 64 35 40 81 66 63 92 32 80 49 21 14 97 36 62 23 72 52 77 84 8 99 11
78 93 44 41 29 81 97 22 52 7 72 83 99 24 56 77 47 16 96 84 90 91 75 21 87 23 82 31 17 98 36 88 85 70 67 5 6 9 48 86 100 33 80 35 64 46 59 34 14 74 62 2 95 3 66 30 68 13 32 65 8 42 94 69 15 40 11 18 26 4 51 60 55 10 61 54 20 38 43 58 53 37 27 12 73 63 50 45 89 39 76 71 92 57 28 1 25 19 49 79
7 85 62 5 68 11 46 97 90 78 76 70 40 56 34 8 80 61 86 49 6 20 19 88 1 18 21 67 99 79 69 50 39 45 27 35 38 24 66 73 15 83 84 89 81 2 93 95 63 13 74 91 33 64 14 94 41 29 58 22 30 23 26 44 48 25 31 3 51 43 87 96 28 77 47 59 82 9 71 72 52 53 54 42 65 92 12 32 57 4 36 37 100 60 55 98 16 75 10 17
37 43 76 46 84 27 5 14 50 24 45 72 61 99 48 9 26 85 91 73 67 20 13 55 49 86 65 4 29 88 22 92 53 68 75 32 2 3 71 95 70 19 12 79 62 90 21 58 31 82 96 18 23 8 36 77 52 38 25 69 60 7 47 83 34 10 57 56 15 35 64 16 63 44 54 94 100 6 1 89 74 33 51 59 98 97 93 40 30 39 81 17 87 28 78 42 41 66 80 11
63 37 54 27 1 69 15 90 30 95 83 96 38 99 49 2 31 60 33 48 81 17 92 100 62 65 35 26 7 11 19 91 52 82 86 58 50 59 9 25 12 55 53 44 16 80 66 89 64 73 76 29 34 93 21 98 67 75 72 28 68 45 13 46 20 85 32 88 5 56 71 6 14 97 94 43 79 70 77 39 10 87 57 40 18 23 78 36 61 24 51 3 84 4 74 41 47 8 42 22
98 100 28 44 36 86 52 82 69 32 29 70 9 40 76 74 87 22 54 63 35 97 42 50 2 19 68 57 21 34 15 17 78 16 61 13 83 38 56 67 55 72 18 39 59 10 94 37 89 49 66 64 24 77 95 43 81 11 3 46 58 33 84 26 93 1 73 79 99 12 48 80 7 75 53 14 91 30 8 47 41 23 4 60 96 27 31 25 62 5 88 85 90 20 45 65 92 71 51 6
92 62 28 58 55 51 96 10 39 85 23 80 2 83 89 61 69 30 99 40 91 13 1 93 34 4 46 32 15 29 98 6 81 54 65 77 52 56 48 12 47 36 21 14 64 84 11 57 73 26 19 24 71 8 17 74 63 25 59 16 88 67 50 82 22 68 66 33 60 76 75 53 31 18 79 3 72 100 27 37 44 9 94 86 95 70 90 78 41 42 5 43 87 38 20 35 7 45 49 97
88 27 98 66 78 8 39 5 43 35 89 100 15 74 32 82 31 2 14 75 21 45 24 37 40 62 73 84 52 77 54 19 48 71 92 23 16 30 96 20 55 56 41 90 4 25 46 72 44 76 69 68 86 83 70 59 94 9 22 3 17 36 6 28 7 12 29 87 99 53 93 49 11 38 47 95 26 18 1 85 80 67 81 10 79 34 57 64 13 61 33 58 97 42 63 60 51 91 65 50
40 79 29 83 50 34 32 25 12 38 15 91 39 94 18 71 53 20 24 21 54 74 19 52 73 96 7 57 31 80 43 70 48 89 17 88 10 33 37 41 68 9 63 78 51 30 72 87 14 3 60 23 76 58 28 55 56 1 77 2 8 26 22 65 98 82 86 4 35 45 67 100 81 84 46 99 49 75 92 97 61 42 59 6 85 44 36 66 93 62 47 69 90 5 27 11 95 13 16 64
36 94 53 88 91 56 3 14 68 50 18 26 6 38 17 100 1 97 19 39 98 58 41 63 45 60 51 34 89 13 75 40 47 62 59 61 65 2 24 44 12 23 8 54 79 48 30 11 5 95 21 9 31 74 55 28 92 72 93 84 25 37 83 85 52 7 87 27 46 20 76 35 99 64 49 82 32 43 73 86 69 78 90 81 71 29 67 42 22 16 66 70 96 15 4 80 77 33 10 57
91 76 9 57 49 40 1 25 30 80 14 13 74 4 84 37 62 44 21 69 72 65 31 22 2 78 89 94 93 26 99 61 41 28 55 81 29 56 97 32 88 19 71 64 27 66 35 54 51 33 95 52 11 6 63 18 46 10 7 50 73 12 98 58 45 48 24 90 34 36 68 20 75 86 96 3 5 16 70 67 17 15 38 59 77 8 85 92 83 42 82 60 100 43 79 53 87 23 39 47
22 14 68 72 53 18 94 80 58 30 37 98 62 23 77 50 70 15 41 75 100 90 51 88 57 95 39 10 69 56 48 81 4 44 26 52 92 40 21 34 65 8 20 61 82 42 91 24 97 3 27 36 99 43 64 32 93 49 29 1 31 17 45 79 19 16 33 28 11 12 59 47 84 7 5 89 6 2 86 96 38 55 71 76 60 35 67 74 25 83 9 73 46 54 87 78 85 63 66 13
1 17 77 22 81 44 65 14 51 74 42 88 11 92 48 33 72 18 16 78 63 49 13 39 89 59 100 46 25 12 4 70 20 3 7 68 23 36 41 69 6 37 28 54 93 50 71 21 85 47 27 75 56 26 67 91 83 8 64 84 43 55 94 38 99 90 15 2 9 52 87 40 80 19 97 35 58 45 60 86 66 76 10 98 73 30 5 62 31 53 34 96 57 29 24 61 82 79 95 32
85 45 6 86 40 49 60 64 52 76 87 94 4 36 96 8 62 17 1 99 93 3 35 33 42 61 98 51 66 50 32 14 22 21 23 9 20 2 100 16 27 11 44 65 30 18 10 58 31 81 80 7 75 71 70 68 67 29 72 56 77 97 59 48 95 90 34 53 55 91 69 26 83 19 74 46 63 79 89 5 41 24 37 13 88 28 84 39 57 38 78 92 54 82 47 25 15 12 43 73
95 53 1 63 90 29 18 41 92 80 38 15 13 93 30 73 74 33 85 94 28 69 37 83 4 43 97 12 56 9 50 19 89 77 26 51 27 24 16 23 6 54 17 46 86 96 21 44 78 31 87 7 65 32 55 58 5 39 14 59 67 71 49 60 76 47 72 75 98 91 42 22 79 82 10 70 36 20 52 84 88 48 68 99 81 66 100 34 25 2 3 35 8 11 40 45 61 64 57 62
5 88 30 47 74 9 59 98 49 37 29 38 7 94 40 39 68 51 35 64 25 83 72 57 33 61 34 78 18 15 44 97 73 22 69 70 21 23 26 53 16 80 55 87 12 52 62 89 8 50 45 32 24 95 82 1 93 27 3 85 28 17 66 81 75 84 14 6 4 58 10 76 63 42 67 91 86 41 46 90 79 19 99 11 20 2 96 60 13 100 54 65 31 77 92 36 56 48 71 43
100 46 53 33 42 96 16 32 82 66 29 50 1 5 58 18 86 34 88 47 71 25 67 30 60 70 75 37 3 41 68 52 13 54 77 31 61 15 20 76 27 26 51 40 7 98 28 38 73 55 94 35 80 24 62 59 57 45 56 2 9 90 97 8 44 93 91 79 74 6 10 17 39 19 99 48 69 21 4 43 22 84 89 23 49 12 87 83 95 63 92 78 11 81 85 36 72 64 14 65
68 60 81 40 78 6 83 11 98 96 32 14 72 94 34 42 48 85 35 12 100 46 49 90 27 29 36 8 63 74 47 15 73 45 54 17 33 69 79 5 61 50 1 39 84 67 76 31 37 87 86 99 89 44 4 9 43 88 52 28 23 3 24 25 7 95 58 18 55 51 97 53 30 62 57 10 82 91 70 75 92 19 26 71 64 93 22 41 16 56 20 59 65 21 80 66 2 38 13 77
77 13 51 22 56 12 87 66 16 100 11 26 95 68 1 64 72 25 3 33 20 73 88 69 17 4 45 62 27 53 85 37 61 81 79 59 91 97 76 48 14 43 70 60 74 47 41 93 38 96 19 6 35 23 84 90 40 63 30 2 55 54 82 89 18 34 75 7 8 32 86 50 46 92 80 9 36 28 10 57 52 94 65 98 42 44 49 83 71 15 39 58 21 31 24 99 78 29 5 67
89 5 100 41 66 74 9 96 33 13 28 67 26 63 56 72 27 32 49 24 76 60 58 50 6 46 70 90 2 29 42 48 88 21 83 34 73 36 59 78 82 37 84 43 85 30 81 10 52 17 15 23 80 40 71 4 38 39 91 69 51 16 12 44 95 75 45 19 62 77 7 1 98 54 79 8 99 61 11 97 64 3 94 20 22 53 86 18 31 92 25 35 68 93 47 55 65 87 57 14
95 65 3 23 6 55 40 10 13 88 26 58 92 74 36 87 81 76 93 73 4 54 49 69 27 7 97 29 31 20 99 39 75 8 71 64 94 96 86 77 45 11 67 57 15 2 61 80 51 16 21 46 24 68 72 1 78 18 17 50 100 38 63 66 47 70 41 56 83 28 79 37 98 91 44 14 19 25 43 85 42 9 34 84 89 82 90 52 33 53 22 35 48 30 5 12 32 60 62 59
29 7 24 41 11 45 68 63 87 46 54 62 30 76 83 81 58 3 36 12 20 33 9 50 44 22 97 39 86 51 69 95 70 1 72 98 77 85 34 59 2 17 21 73 78 25 48 37 82 64 91 65 74 23 4 60 80 66 5 10 57 8 75 47 42 96 49 55 14 84 40 43 19 88 32 15 100 6 26 38 94 89 16 67 52 93 35 53 27 31 56 13 92 99 71 90 28 18 79 61
61 19 70 89 87 14 3 38 8 73 64 55 44 68 31 2 88 53 5 63 71 97 100 20 92 93 49 29 47 99 82 84 37 56 40 72 25 13 76 74 41 80 26 15 33 98 45 81 75 78 34 69 42 67 90 62 65 10 23 79 66 12 1 27 83 57 32 52 60 85 58 39 22 94 48 17 21 54 16 91 6 28 51 4 86 46 30 95 50 43 96 9 77 7 35 24 36 59 18 11
64 88 26 30 44 65 5 46 71 2 56 10 7 11 84 68 55 81 92 98 75 24 20 43 69 9 45 41 70 54 18 28 16 1 34 8 22 37 90 31 94 12 39 89 25 74 91 60 17 76 67 4 32 50 21 58 61 80 77 48 6 62 29 95 53 85 15 87 59 47 86 40 23 52 96 35 27 83 72 19 63 100 57 79 51 3 99 38 66 36 14 82 13 93 97 49 73 42 78 33
84 60 59 64 8 74 40 56 25 21 32 69 9 31 83 62 58 54 20 66 50 94 4 55 72 75 7 14 27 2 6 95 15 82 73 81 78 29 49 65 90 44 45 89 42 79 92 38 47 24 76 48 18 67 28 77 93 87 23 35 17 5 13 71 30 68 57 36 39 33 96 46 63 34 97 41 52 98 37 22 88 12 10 19 99 11 86 16 100 85 53 51 1 91 43 3 70 26 61 80
59 15 87 10 91 85 31 7 49 66 40 88 100 23 45 77 25 73 90 16 95 68 4 36 13 65 83 1 29 89 78 79 84 14 24 57 28 69 92 27 3 99 53 43 80 47 22 33 98 58 48 37 32 61 18 54 97 67 75 60 63 2 39 9 20 74 50 62 41 35 12 93 52 30 96 42 56 19 71 72 46 38 21 94 11 76 26 81 82 6 86 8 5 34 55 44 64 70 51 17
48 23 3 44 94 88 98 80 36 54 5 66 58 63 93 82 84 89 33 41 62 18 40 4 73 77 60 38 26 49 30 56 25 59 7 86 42 34 17 37 81 2 99 14 61 8 97 70 64 74 10 91 13 92 46 67 1 53 15 45 6 19 16 21 57 85 12 11 28 39 75 9 52 87 76 47 96 68 72 71 65 35 32 69 50 83 29 95 100 22 24 31 43 51 78 27 79 90 20 55
76 46 82 36 34 86 40 24 65 25 61 43 63 71 11 13 69 14 21 7 81 39 5 48 94 35 78 42 3 89 96 80 38 75 90 15 9 33 51 62 68 12 83 8 73 52 93 99 49 6 45 37 41 58 85 10 47 16 59 27 17 19 29 67 30 92 53 88 54 2 56 66 77 32 44 23 72 87 20 98 50 95 31 91 100 84 1 4 28 64 60 74 79 55 57 18 26 70 97 22
22 9 7 30 78 84 2 97 46 17 59 39 98 99 4 16 81 38 45 62 73 79 20 77 92 56 88 44 33 96 58 64 86 5 36 24 89 32 93 25 70 42 50 82 87 85 53 95 48 52 10 1 57 66 94 90 60 61 23 83 41 47 37 72 3 71 74 8 31 69 40 54 11 28 13 51 100 27 29 35 91 76 19 63 49 75 15 80 65 12 67 68 34 26 43 21 6 14 18 55
14 3 23 11 32 70 89 82 58 73 27 10 68 75 48 83 57 51 19 39 43 4 96 49 17 100 8 64 63 90 44 88 92 13 20 52 36 99 97 47 54 72 40 95 9 28 31 16 22 76 81 24 46 79 65 84 69 93 2 30 60 87 55 91 56 53 66 21 86 38 41 98 6 59 62 12 42 35 34 61 85 37 15 25 50 1 45 67 33 94 78 77 74 29 71 26 7 80 18 5
