84
312969219 774722744
479028024 652224947
872006100 976710520
66117859 949690784
590947886 612334718
174725106 793090680
510635637 591758721
213688175 853227264
136471525 931845266
376611100 763703830
15869755 469948205
617080812 790363961
196977073 540342165
64037994 329456117
578897421 804604442
500298361 981276073
466403397 974095547
13665185 489240394
642790229 812247537
141220991 361192254
37900603 834816008
782297536 913288189
195936794 404315161
149464147 473051829
9792197 807201321
248657392 273935627
867664622 947248906
32810331 431228571
121644884 719544419
231236077 762514584
137892773 335684912
215010948 728014638
599339565 923632944
125028880 950374389
310821778 395326835
760007820 822125291
262441024 265407742
336686459 716123017
115843367 383151133
932109586 986661879
370158914 665735248
453562312 473002147
452749134 722130506
64069214 856287514
213027334 455673768
198505707 255983742
257907087 422125721
180526819 539329888
101084370 985355981
233650949 979043551
707881130 713684838
155250218 392703372
298678275 482102686
213127714 603995882
308427807 904906732
253111210 686656857
941266908 946147567
27192612 671933612
305999628 516145150
279218740 410376680
62550625 242860618
386765817 886759605
1 1000000000
1679173 32986716
198175231 464613407
297383498 329698281
619775507 827123176
227830990 557119473
104949093 644889028
371891990 540382583
344909892 630533413
41415422 114505961
602664265 998871779
367191833 507329785
91143969 562198223
694342799 918033052
676971401 969623805
94556025 541370592
699606399 718037201
39514567 154853488
113950739 542398348
97265206 194069682
383725489 840768781
46119800 655612160
239700723 738065163
