100
175261646 666241756
521673076 933066324
414575437 879445626
227154718 605793462
733080706 915901855
37219113 727579625
244088656 377321972
920724010 959802299
164955723 353532343
254088340 644631989
448096561 620254331
358854505 742301812
194415342 875165160
436077890 613531210
510288590 796371319
374727219 677281563
166802738 960299712
711434391 961044028
212674046 594566570
376506606 956541647
441507476 995482451
498234272 513246562
466584976 580706974
335761290 713738174
187176123 440386315
244132618 446764774
188888801 408047440
387827076 576214414
181259690 302360441
438654814 913225193
863042907 978389049
55495353 695217590
262708200 471573488
22211979 125069199
453431056 912426158
64049066 436888407
102044376 948418039
812861320 842529904
809697416 838511639
186223596 517898931
709867065 991466148
33082414 224589704
611681026 822167282
188810743 479181494
186120836 701501404
24450913 550499847
467760805 943662476
345295188 973693680
528349612 689110009
40039008 127194257
135882222 946005649
157300272 835088773
795181610 948055085
165072501 546515621
398498699 786498941
135191731 548543106
443030286 552109794
209875259 529037088
209149961 895149475
772051479 913239232
92663315 139938537
346308715 813146509
210684104 839869125
431964562 706308908
43256189 85281065
113453582 588907101
364769307 529531859
304558633 465858117
94766605 708974791
823903360 914584236
56812228 887950560
199457238 759014434
656117080 902092437
143851927 908624640
290311732 827985391
445921408 992653248
439626667 440417266
503777839 883235808
774913306 955836212
132073796 497574299
125514301 861825529
494580812 764910588
434658538 946725480
343481247 702380968
812430623 986370944
194701708 755018720
4152738 102849531
846731265 881496441
405325428 556584563
241925631 557395359
518609181 817783343
317684613 514218465
133722944 884271449
46734925 798683880
560974958 861174204
567636713 680208099
576336198 632481792
84674067 287307298
2475311 924014027
305109912 578118383
