91
661369680 974359515
350731441 540312387
596942756 925454152
199126776 792746794
726146012 899472481
841268790 857746888
609783481 697970636
381463713 391094291
147872362 689587807
689494986 836983853
195077942 756505095
23997039 791670445
694311825 705467349
702984238 914514781
340936010 901941340
157531103 602250605
482704389 803764824
383284070 708159589
124252143 345226236
294250972 631077992
57920163 396563320
624845880 931805191
15616090 51227317
352822791 887571091
40815052 571529506
36718536 968546205
145397056 776596407
498470512 771918045
500418021 686138638
157896321 510182900
108652942 116220270
263973974 685392189
407503838 543694937
695682587 862840969
177681321 444714891
152889553 686614574
123434554 579112664
475529078 673750423
25813230 176508917
755592922 910222863
418784974 891501286
169420029 473245236
184051725 225526532
604670469 758601020
57629947 690572896
621071544 945556776
531336876 907923561
76122766 125726649
66191024 769881668
716511908 917057293
259235624 975681591
222666691 624453901
828432431 906945274
875485197 899697122
186637591 189074036
274322268 753658214
574602044 619726415
607425914 630003035
883625445 929728567
271353063 869495605
118658692 741874168
804637214 925875802
63363195 148491396
531000268 879206445
61265064 247121450
201511590 249303512
422704835 682059422
425193032 595498414
208918038 328533145
155858449 442908509
123715728 759822381
240505731 321958062
610050704 736300341
215907005 573784453
536417382 653596086
913521024 937276234
568834578 683877535
118816027 826615754
202023138 628999681
316058242 364630660
353899080 368512224
9647477 188644320
87592225 264236219
334151723 665516006
173240384 209755545
50598142 192595980
24057126 663670741
846717145 880164651
761011941 982558645
96353816 510338327
600414586 601732958
