96
675632656 892463784
44760833 996422117
734678623 865068682
69039681 868455158
391291159 945588484
266130009 325460102
595616907 992701756
561019471 592576082
416063316 716463408
748398812 809779253
80388676 802836964
347877249 774837964
193117983 590261846
284938509 418201514
63495805 569577980
266138728 277852680
382509825 743608708
353753 208150008
28951516 528869673
130325383 730539687
309920197 591669816
726826408 833186528
125908060 743826934
56838401 774764182
8079925 361123568
288657537 501666721
553709900 955061095
7794186 190755976
375395304 934434881
55208133 389403789
537482259 734131166
722750083 917922522
302594665 988553266
132617301 392699859
298740361 781389803
418159947 949687564
128007154 926867220
32314357 760572198
464387791 886026481
480589337 801983276
433973441 973757373
594625072 746307755
748915713 992551693
379110019 905569778
148640426 320602230
146798402 845623982
327462521 580833830
99255869 681805309
219531324 963735629
155713804 158230216
13976749 514878693
77897961 410625088
570541298 600609378
130091192 637029845
344499715 684566553
488333758 597898116
7470748 959097280
639986157 680000715
408392643 626299632
51453714 920988413
8636799 723149691
408535377 738895611
654384590 823286515
101225687 713292644
289263817 680881761
166251134 234197046
4368359 907473666
422814906 724622405
369778258 418354006
75479675 801699491
99350524 419520257
349155794 747770408
92980075 611535787
248253967 613421127
892704654 893654288
27657561 851242994
47233453 606446771
596725758 815571831
81240212 336465886
159031389 412969898
617720197 759662747
16044279 878006046
85263109 514095644
88839133 127660316
182425490 215381798
914562544 925022474
101324159 711177994
425344275 532189888
572684160 823110250
285251035 320453489
60626007 776756482
611817567 915560207
445703479 622034048
38147326 689851225
214395828 662484529
468203263 944505772
