95
373098562 402271688
590315413 709996145
222672835 579324931
32522856 820205085
78388447 490129606
368577888 926699560
289774918 454609710
414433505 518418915
65047988 626287985
685437522 880241337
75227034 537686804
461022291 474356257
136518611 360011215
246767764 512928334
456706192 688255868
27390587 802908495
390315867 979278718
46395808 505173500
19745218 517461920
94119573 846824159
107328703 199474670
54211603 741438942
398897486 658842262
591698827 706271349
415177325 725829457
397073418 563198014
55205574 891753180
410725708 996601250
403560627 887782592
276193087 282932161
642329522 883273893
827783066 951185724
521750362 724840398
333496580 437766739
714399020 793535064
273160341 845770052
407982127 788309020
349119299 820607094
588387151 871894511
837054678 893316733
188085067 754283665
18012848 47221741
364533538 725352952
80301297 384072799
381279907 414715744
16211228 813266647
379289143 886125192
477827650 818250394
111282958 639820071
478488163 879948974
127375459 510909901
801995677 812217918
175980465 697764942
641658022 797716055
357744046 378688520
61341985 138631359
89273290 251307655
36530088 856909475
377689418 727957188
28012986 849279867
84196138 413746397
49000758 391246280
677665506 998927240
70656635 190933915
201386367 960229258
497201188 531212610
53311224 467163989
223163509 801200735
170503752 523528486
336820744 601524002
396692178 718934760
614116330 739616920
328804956 608643489
102942896 293623167
615891676 867598488
458709477 699401880
130931682 288382581
950073771 952640989
151804874 992931149
434981680 988574601
291486634 582180574
9831018 540197595
157819653 476622288
295551451 409112734
17009897 451507901
174750753 814890342
517994645 779425683
344794140 585407878
104884854 710989007
665974315 917348146
562647587 883718975
371175116 659966791
107421657 447013992
247921627 724584513
182273596 721261120
