87
61203047 67976283
67211571 85227871
79182518 94279234
92052192 103830915
94708529 135349805
106630005 146873341
142187131 151211072
151178594 165598392
151914912 177089644
169156917 224420060
223705287 233032039
231634291 236458517
233380494 249519983
248498897 256110967
251506202 257822347
257797547 291852134
258207559 302398106
301085493 305405394
302755225 312276373
311069243 318767923
314298178 326147984
318865097 326970624
326799404 330868284
327199712 351807797
338115850 355098044
354361844 357419534
355964116 361344215
360458408 371773296
363007831 378470830
376682414 387366331
386009248 417992994
409305228 418673575
418515236 422159522
419330829 426083746
423223774 429243242
428996689 432154905
431066127 433459509
433027915 452226279
436855136 466209162
466123410 476638963
466302942 479966334
479930197 483940490
482464598 487587298
484929902 488612163
488193054 492794946
489471170 502936119
502036211 513146398
512253156 520871298
515181669 560309185
542094633 575787872
574194098 585613799
580093228 602234188
586391979 610377052
603792033 611720791
610931159 611966521
611780867 614037151
612163715 620561394
619471181 629040778
620831017 648265038
630363969 725220988
664543303 735796595
728324117 741009563
740543317 748942860
742511969 766693295
756322565 778471386
771456582 781960170
778621904 788754524
783848247 821755238
818294970 829683518
829177622 829912644
829776768 834365566
831186438 839005574
838333381 840727983
840063657 855418641
854707843 857149548
856077873 884014050
883443824 900823757
898893509 901340379
901040654 901524206
901459489 909951699
903086083 932130181
929655532 944282113
944147164 961785436
959281712 962833718
962379481 963054116
962958774 991947035
963252456 998972718
