91
1 1000000000
331430685 474748454
528562446 821986295
531600089 777558146
152408307 819966714
507022465 685530857
726523803 891179293
209219882 940927705
5264393 176993628
147640668 786759011
718757868 972938786
95513285 179310357
758177069 852268514
561436210 805778369
395928167 996346069
156218906 486036609
256199967 671819202
134021462 682523181
19008334 854522469
578873143 871223032
202258652 620429665
390171026 999910144
448254487 701335089
211543508 317964975
662358053 796286373
235913367 512591659
491300543 495481045
257959245 831544642
46325903 82519905
60962732 377843958
158421952 466746265
276130483 281009313
603717964 634180268
104736455 715666828
352361236 614069315
341946447 545095815
228232404 932519585
112649441 345779904
488679016 728904050
27083718 745430048
129690043 794446645
147531329 557434132
160603611 985689211
241886472 801948825
99617139 982228048
344942925 608045986
32459427 818937750
841412259 903650034
562931447 949609960
124375249 771938228
507990000 550554821
388160236 656714505
735390047 962844184
687341310 719224968
73572694 763288538
525630415 787786375
625451002 912133211
225874679 713799150
60615865 446759717
79218409 445804465
780457830 931910727
510998292 846954532
158211709 666457677
11797355 622417063
73581788 326377148
506691181 750858454
201025028 738761188
74257559 447146062
396630617 412158705
141667084 655965169
325405416 574395933
203625483 517353447
594387731 892732318
616561871 643720658
21920474 472511383
558779339 581036676
320728241 958926949
304946297 378159317
380409879 617026371
28530228 249840020
48072853 859730764
179208828 805907636
26280086 462804080
39391119 191531754
128060607 287897645
178447626 585172108
96173684 977491328
492726939 587261419
740627820 926593647
620540418 769139088
57128510 95182419
