99
139504579 959507939
176460799 689572196
149391738 170180959
56911601 841612567
87592303 827510864
920453980 998039398
247619494 606567108
559698747 848544193
528602097 675956774
699939052 821154318
169488255 706137070
835418205 855746037
401096638 782339293
225903747 988637522
651912966 789707564
179363986 519007918
80829035 807074236
267102500 295059725
79326535 818269994
311911457 747854432
374827189 554643250
318335880 378327087
426699845 750580516
268868241 910894940
264251366 533186328
178370954 277884577
58526057 402177454
304740613 944659462
163843722 931410008
622616588 729054879
169315119 809737192
198016517 531717200
111149518 362364659
618057421 700269445
653399381 662115605
507329221 620890352
688012784 920223652
451987803 870018253
345062598 570083769
1 1000000000
932496756 980826929
200171841 313243540
482220467 769836550
239246964 718480643
79590007 336086519
868086528 930680145
103827648 613910155
45977054 500207313
869110458 943928523
852828608 860963262
52000443 169912854
114197769 591181895
239859458 815782323
392888033 816308401
605939470 772074831
253710503 331499082
113816114 951503700
338499441 976895716
597922483 641340936
729010177 989407203
26130714 869094747
633444151 636424369
343010823 870818509
231602495 608519375
273328538 912294408
277305037 424957297
317073549 740784532
423301107 458034856
141491646 928109424
209023874 661356345
403350585 645004226
344229108 852151506
144517694 361381810
45071230 262659544
761342340 872402889
449711676 738508810
322183524 562913082
441511727 862831901
674535801 880298153
817592864 906859958
144895593 862755124
267723013 691039335
815584399 848792949
607643757 969531973
3377271 909423874
18419131 758912783
270362036 998316564
194267151 835728128
230060213 374296049
13927163 900550175
36316157 574445508
142713447 769846071
702493226 993292258
838579647 911932359
60315284 307578872
519819775 977052207
28814091 513551633
349262123 451696450
169351408 186600279
619602233 712274413
