83
1 1000000000
221297921 818753569
60671660 411384421
47390794 94912958
427526031 634359680
209982785 768379655
641915762 914076699
125360557 776314349
175818756 196235326
363362660 789120909
197894077 236767416
353876897 553030588
899603186 927833668
364798135 620099184
4449896 166606523
628020769 821672958
813800817 926010141
918232527 996922370
366287801 929470106
421672801 424529813
508345572 729483581
341374599 906632078
819325308 897681355
395282080 417861733
459658858 473842885
126585032 188185394
450921216 487306522
545334909 756972544
53007011 362141198
27833114 977756758
649204001 980490742
362243125 429983466
120366355 723008242
101118580 455752256
7500816 638402499
45491988 897831125
125878032 711789753
568450581 595146876
149376679 440302078
134183463 961903687
703271648 835006379
133312460 748619990
166681297 856274781
237827296 619046805
366338822 453437411
651079602 782255062
119981040 253657044
564170267 663296061
108673978 278016076
571710527 635197562
368781088 641085408
122130106 702781270
856722497 977792630
19542445 859413180
598225938 760012876
87090725 627417534
359518338 570161432
55083097 540269474
31527255 842986222
668339330 914218202
39519812 207783263
852390205 894624727
59769076 706371707
69783634 660665348
621212156 632315762
610010166 879357324
106059797 195886377
221576919 657032404
705937361 788867035
446286334 650277201
254660268 937620350
274716203 532605718
32865618 915754810
188410671 897760123
36438207 366162964
201465852 679546572
87552811 706852241
931010863 964171766
254232153 702904246
434858678 726967811
95518640 706204710
594517055 718970055
189431619 430541397
