93
1 1000000000
623077185 968852523
371320420 626192250
513303129 582019715
131568546 723032673
161197826 948650747
501040463 984668724
395757657 802534788
895972142 961325171
6108801 316734266
160537162 822236900
31140496 415683862
93216411 686121175
157517724 878458761
102068828 383709980
132634636 676688881
760314420 828967664
237449226 709812689
444691156 532454758
291383613 380939646
203982462 830741961
427553301 797047089
347083718 960144672
330649281 405439441
29645051 157190512
565233453 600478260
514370608 598489593
77984285 737735289
525809627 750572378
77138286 756494292
177709543 317845423
88064288 111088390
136831508 254069938
219144078 605102534
122948421 277428790
238756672 903926393
587970221 675749365
541122312 824844261
249949454 983682066
117178343 269713964
101221613 213082136
91047645 244657827
113875349 312573274
246081796 604497763
501212387 874324036
245488379 844210667
428148006 741748951
320684000 653836309
355762265 749924127
252956425 348272437
927825443 972425864
115438195 486892950
786287447 806721814
264101053 609168276
164831203 279394825
95513533 674209274
325677384 760321757
421043715 597090531
720338745 896550743
158166775 369778588
78300468 87033012
38454282 352291393
617350588 803265640
235379449 342551225
101704807 672939890
11639650 909214349
101857343 559668261
3445962 846604426
610742059 803108835
253849415 458124070
476542423 916025192
224128047 510982404
336725558 357736238
756127817 814736338
142763103 974085252
470112454 869900914
331645447 468628268
328701161 459187544
583430320 633594728
487696267 623984495
677480873 953608793
11403123 580326108
231191228 873110442
193390362 967245499
457416028 836096716
229993662 314389957
255876549 299896859
371384812 915812965
243816114 587458437
411727243 712907908
485603709 749566905
862888068 936641433
555934304 763988855
