86
1 1000000000
2065086 75928422
451809671 663257699
633734883 680624703
553146179 816444300
176950730 702223924
633613398 971475000
384602526 773336077
722450852 998315879
15689018 31873499
21787095 111436012
350776582 941340672
796886569 888412882
330087291 965230713
763298909 843473106
32810128 518383766
272563880 536169067
240448670 984556772
93217083 232110723
720000133 839250408
154801162 929012736
35529017 829098645
746774068 849113758
459115253 612099272
329831953 397771277
493099941 974730428
653837510 966982954
79438502 495765888
41837880 631486092
411072204 815510087
523387217 940153525
290786090 654963358
195482027 919826505
505599835 956946121
603035571 806157561
140799979 872771069
604632966 834213473
508624494 814798581
162163052 353994888
734123478 927022010
263400855 439649184
249529722 412243966
310179769 391044158
127827092 848650028
235880721 922357547
28620444 643462292
111003252 849405492
192646268 212850947
251925162 370767636
310551196 316269061
90685131 437241068
152581657 934709819
784602952 848793944
634058220 842582203
18215859 553999030
59065761 917878117
263943692 887183369
411253797 576285282
317357351 735797707
158009203 950901711
556235326 958782730
134228063 713008076
5367833 906835896
76052217 479980637
54133829 675886223
88747710 789944249
490226845 828511731
403003281 548899838
327001264 906063165
218599909 781503733
598079948 760920904
458426209 590021315
480813534 944060746
565940667 612225555
130760086 736314760
300427239 326406814
431505283 538832096
331127388 873865823
144985753 754438389
46783133 764578239
689174071 883488834
220275122 327640507
383838634 429096049
402773567 762620137
1895735 256363597
473935048 705053575
