82
128122272 710636281
65493082 450539363
469734212 686500632
234801546 252698794
365125363 921387812
128403628 667189027
318963731 464228920
808856662 982373936
305954048 767251415
90666980 966242274
3514308 293200545
421805410 559057290
274285082 454568951
501890491 842927043
306113356 947257121
35654905 978278013
47338242 604883848
807810509 846453342
86499840 461971608
242689641 646317274
649575339 912418950
684171408 819037270
527174187 651102957
510758909 709391523
30434168 270295361
165807312 302935643
33248823 969900297
253471560 669402686
184246743 314260972
291358723 976948500
473151648 487434504
181038424 968800718
75439967 524012500
428521614 542062098
119373711 947434339
224726412 252193455
844137729 862090982
158931989 974343711
395777076 462696387
15143506 82352981
11092239 33147124
69594662 519389033
629928900 750790650
24859926 372361575
259661172 328356412
71523682 875555248
5217738 177367205
377499286 768029520
355307350 749325647
398898257 639319335
351828290 741726556
405577038 593296599
230006148 352927628
484969744 847350513
670457208 931560494
210320766 381918218
249186491 854254841
205133074 771928095
117823089 464044854
49601808 624519131
915180506 954351990
199143287 258871558
554710095 741065124
309172687 474003929
856327716 988390410
283325641 806516685
321707104 545663622
559574898 771441484
8755945 682623409
635172164 712093859
737860573 968333140
149359730 548107245
387570113 422747258
871904815 972966141
308915672 481146233
411874419 496142498
596483063 995495855
20149435 723791149
354083953 849537740
244840662 946470684
518941814 723212423
790769164 820358670
