98
305032926 823040109
520624502 789404736
546340786 979064606
397458348 751070491
357999765 790516144
877868851 953641407
386262260 841166641
290143864 639812644
405062163 476012117
25213509 132862897
750696356 783461169
181270665 645557900
248486525 697068994
622126918 902517928
936541715 997625423
223932195 803113453
158314820 633157627
418264194 512233359
298876321 790178567
150896332 715037759
442765132 523496546
281096912 341872395
456087073 881855360
357133408 907110292
406773610 797188400
396940009 662754843
265829273 653984122
369243349 372016412
104740740 707535485
374787860 498859548
38462110 594001586
444346831 623972735
29042640 430360791
404957245 477216240
203144836 680858229
313541169 859759808
384163529 516867186
99823267 813784804
291731298 875058504
259034923 918780876
536541446 851104281
537537404 611198197
212812483 846812997
580330546 794470764
390089300 392003126
646135848 844796357
175671119 967279553
51762091 804142444
399672049 501453592
28273268 30738046
179650990 289731374
234231868 357417695
546547180 859898962
63619310 799001910
351468629 810638539
162929804 398655058
273353448 850297761
628586664 937152926
403219812 510936072
643816523 728674310
194114733 754422269
205650318 949551385
78646277 681377284
118135342 905302593
873990850 949903220
461049884 946630794
86961185 491460008
263032264 715885415
104926163 711406955
748868286 841635740
498896485 891080538
369163918 457987413
188383967 871765902
77828820 670687993
36326987 792363214
391872870 885729928
66119810 986499933
655824636 709962273
906252886 988926306
420089799 839438958
323415898 753209061
514542702 663764733
401770946 904825440
51450913 518003896
207089048 253371514
643398000 737508411
527500890 968748243
442480166 927915005
389467092 422608320
245765178 523884299
384900332 434447278
330703252 701521715
202765581 228149249
819255330 862873000
630274445 836545696
524911741 811518061
27493006 442916299
321754886 633530286
