92
27468047 888297158
424819405 944771099
113184743 352713608
150525791 958622913
422124213 772921532
305492163 746671953
795833654 971438145
166350595 971374838
402871261 593197521
170059308 646223841
301561074 724328500
376305343 748137619
207609086 244803882
54461873 93639801
514100696 535021086
64054002 175562246
371928322 939603292
420948579 568192985
168817764 585957873
463145793 894566863
126526738 275586381
170684971 733968854
349213429 980601073
365455543 772235684
172949939 188058955
140362447 795818734
464047295 895534171
235520954 375406704
897765541 948752237
191921355 197448562
281562978 785548097
606093470 720752279
265736959 283791064
180715216 941304735
430046972 595901123
52535627 588039110
165826978 638522075
392911547 446128996
700116693 969796751
609122262 971132271
801018858 858683517
26960543 246491663
163589826 390084538
110557451 615411672
419961292 723238256
359304863 567290331
375783703 723821608
66366653 368205810
673403893 772008771
537250829 793781381
312889181 757775405
490717528 891822110
56584856 938071608
173823464 944436255
150754428 359748186
251304367 812281672
194608625 208623193
519630906 610331208
49114104 645147283
27475269 566033947
293957312 559108672
204162196 295968814
32757370 632767207
184616632 440842790
186502416 773357518
448719757 987179764
154177297 497227043
554025848 874165600
183799599 842109063
499315434 860669776
618370738 674493666
342260377 354773903
365718399 873459486
273150416 903673543
137298980 352021678
478546919 638987568
34433015 362029751
445966642 543535071
173733291 918382450
783530994 952207297
278597564 413140641
245508050 657016291
558888264 759236292
619997113 697238352
805468742 923060095
362468249 888372147
397164760 877093494
93303509 759556622
61476672 155453893
66932882 870780932
100541050 952866865
276886792 281504820
