94
463485027 551329918
711521230 815433341
561931537 878277868
302586405 384121541
392535112 626332860
515144992 681722982
25322568 551315703
194527370 576076680
59998140 429821965
416404440 763455023
39470523 924012093
396298284 615274005
258282482 977741981
86602126 892504039
173390921 515460649
690195055 877363040
649023532 932511174
620164370 938906089
733579817 776530425
205992294 343202402
68837106 266041779
125454895 157349094
84471489 610223089
706323286 983038754
162319964 578523186
143744465 730958278
36228668 984179174
475145272 611335057
623470794 839988759
533736012 737644220
161639394 388786079
234230075 335550702
142007596 253808341
13855059 895176647
653181895 991882112
178435421 955362257
246607916 391823186
313107721 985040021
361685842 392252152
371823447 707475863
472791208 898784610
32020312 193223919
740001834 816813486
516814160 751168590
651948727 912128215
128030425 590946568
9435831 422726682
90938760 973521956
600611824 837166323
164787540 925266985
382154692 785923922
96189329 890019835
739146087 767587597
735721371 925987427
272595157 909522713
104757272 448058850
473960855 551005350
165815346 447343776
67649797 162837178
344719689 771932976
472969441 885253736
148097495 503763797
145573386 484054128
172959245 427130230
23662732 390121457
195518600 490515323
62270226 948270673
54858375 866255550
28394433 879844149
502112951 971290335
113384490 478386929
237091672 634902158
585159673 930605185
451500710 979819088
747094746 777484130
305978700 738837182
315007393 367928056
727572182 988713160
164517393 744719111
545760127 851948578
719312862 978209069
57121841 904576582
231500437 895660015
337774697 942752920
71499245 647533740
303874592 348153777
76724719 961693572
180630979 916112127
166943867 617101005
1680269 475736341
407561866 706075270
377408818 481380250
40348065 343385816
329211440 351478742
