89
128762588 488390622
668089999 772106136
173315122 245643903
193803389 677764650
725064776 997431155
693479604 697632416
69170911 892654620
210378145 934498061
757444063 892516968
589811280 735536769
272277832 652687065
493477327 852176033
410560127 802949471
96042641 858615160
29933183 310847584
329419241 668078053
158727129 175276973
330668836 460794695
149455940 735014703
210936233 707540564
56248822 822776157
585735405 829158164
380947005 425805715
671743583 897116184
742825676 793526863
134061879 645794452
696858822 978151683
238116028 658401366
798041127 926188822
245375480 914873010
419840140 437845602
291633119 688227472
246666941 444151939
620849281 979962107
3373719 258823345
88944636 666923511
720584263 728540996
430699274 536393963
60568313 134698042
220343538 781566107
127465755 619730754
311743731 789950528
553517323 857579976
727581251 932137874
595450108 617701875
450245254 964962058
178749655 882013727
41112533 525853907
405194867 651781937
488564592 573309252
136883291 565430886
92552905 822676651
710147231 750068132
202724927 442998040
246953696 627581153
91836683 465151576
419009412 623507822
410753153 777901789
341528168 695693307
577730240 684224603
67109968 954251196
23849212 602181761
191889281 292970375
343274555 597345113
532048058 607335312
421264 614078336
75235399 207406009
585842658 782426686
581059176 618696190
636654820 809956025
357514733 740896937
64690708 973727881
269649417 803412436
302484821 896620963
638403518 651885788
217487745 428024942
180576264 781143501
115405169 333914289
372007250 510256300
110206824 634092255
592018597 711307954
359020182 723878956
37875917 586894654
208418232 518682544
561439691 881355659
239136668 594079208
20453010 136037738
90044663 491174038
905582646 983342539
