92
763094226 779802875
561594063 841670447
194336800 771994853
461470732 637463492
230960734 787962910
491532997 933263099
105581107 445730004
526512635 941161834
441314035 455646972
120309355 176842559
484474305 578300440
691518924 840106131
454427163 477635446
735263360 743170624
446132709 539541383
13705089 475502854
470457471 819824038
688857660 843428474
505659653 821678835
539960409 562453696
61415268 364810402
376473375 620653439
102351466 489546628
317239572 318761140
161933662 796787972
367787605 599490709
217029651 528390720
390875824 725307869
194147095 351129402
105608984 239560592
357423961 576532281
719835807 786226420
326569531 586061074
707625960 745341936
585111087 679643327
389716199 449180450
401821998 989358014
920068445 986875056
466107760 813223424
251330796 877242110
86477579 556154273
222342636 231643346
508968287 690788266
304297224 371533545
371758041 585522791
66544726 152554380
193628914 633660871
97563039 931593919
155401122 245173326
264573079 715062106
137441021 274242855
195737576 450064536
6225296 190551953
22858359 313700769
194929622 943047384
52955747 248927630
3281518 505819261
108365712 405529635
868351097 874620472
612523612 871561842
35194280 150133134
571846070 600207971
190448086 414769530
376600530 972002456
223844712 760160308
385290215 482699727
573618096 832865606
272528184 811866017
760945320 850360354
196552301 957361500
205750937 506472375
408832165 566840732
570885769 969870224
791211386 997670594
600151220 650735590
500342799 692244058
661367945 792152492
69417792 450224307
498853520 759926612
422864011 591917510
19826075 165805459
78668000 837693269
545791287 546305627
758279720 967335735
206021223 650602715
588680159 609863671
30115764 591961505
67652021 523572811
214685146 639317173
227488590 353342204
164147127 821160126
757129901 848867682
