86
23759743 948824967
233791440 732910920
43976540 854137346
38041138 299328255
101730099 740835919
365907473 592236918
147407632 784954052
390161874 582835820
717917180 799879077
72519162 974766895
806852919 852113017
77711997 497435804
212175290 340692857
122158172 962482443
323535306 441371619
762968187 996537356
368523454 435839384
681653865 863875679
521116691 910929873
272893810 976214214
657520035 663522324
73262084 683930477
257926346 946846018
160265295 429511688
127672993 567299759
555009482 841492454
226774882 303344538
526472051 968919378
7125615 188756372
199105998 422676253
164811322 977776200
25253580 650275325
366517267 655328705
425295329 870007222
675464329 945678726
41001598 940535236
141802010 570394295
357785961 952660771
510609320 993369181
792111712 921479184
744137160 858702401
298327236 453832277
206181212 737515245
627312479 917296000
68071842 604864068
553199140 709176935
319396134 469115569
402863535 753684499
611926360 793880016
655078413 660326105
272503321 639070957
738951760 740423716
163782957 714026055
147000799 476457057
120900969 860897653
522329055 574044335
67994724 812079859
112126692 693286838
418948081 832097206
404817573 885799142
444556328 448743624
29805453 835579886
744534146 949463613
721313796 762042782
675031532 797894308
201357773 276422838
400303167 748428580
416382797 777412901
548419430 552842607
341428863 470335152
78876667 515928691
373049456 886883170
573820045 704187386
92451956 855135857
553484778 810296604
853847362 899554425
267066724 805025663
696321179 749547083
59521514 289995355
707169438 846624705
249320927 731671883
4695536 270372346
189806616 697823809
631882332 986425061
235829161 626972372
843104634 935563170
