99
45540196 124875985
113117513 714053722
148133185 240444551
295349089 709032842
10719259 455849351
230006821 483838579
673146833 691454790
71595017 532064291
271030117 570069583
359775572 365208085
415704799 691962860
316209767 549293825
255660919 719600044
218883872 945598634
990602982 991486850
391809822 637833692
516577548 812683634
544732888 945795217
131669711 510425491
538746694 783455803
517419545 704587829
253135120 815860494
31239234 581172167
103794146 528308526
174573748 339372980
425292546 674849266
158347428 268681728
90965415 475957871
372905551 453341847
184754669 984364881
26597885 472101664
413755490 857358568
627135241 826443704
148550643 843954462
489461944 630082923
7711957 709660455
347108935 787772085
44915203 120997307
591620805 777509658
216510884 341739104
485560678 746988806
609621685 645533161
124571456 462361495
523206823 729413137
88862845 406317953
803806654 886012633
410777187 922556728
248812276 444710979
456967557 474583207
134471928 679386983
293671490 321196836
96148323 289968287
94238088 197436810
320983804 617804528
460279338 490328512
585930125 701205358
742617112 936152973
180623138 718322165
568533680 811818035
344006999 487168333
142981373 511651281
165257000 499753942
235638236 703846446
284910627 700840362
114202242 683135661
874988682 925855518
294556617 988870783
537954669 538724615
350206760 925430941
490237779 957790901
150777681 833826722
86195094 365367544
107298389 332145714
228264905 593751560
307019575 815092484
342368641 372702869
441475383 924966425
425324925 427345382
174176428 971389951
23123815 936180852
39141121 318649720
201925066 962395256
5402976 499470073
290913215 493162105
682849165 848056632
59539818 730873061
59158118 728390897
556841087 930909868
235008728 608559277
77080631 433216338
327884582 928333771
2063631 393036652
452610521 968239933
600992324 926310983
444953338 777239936
858707444 950117578
493538447 851924557
295439243 749765333
189846543 464311632
