80
164344389 741819283
579501985 670711361
808017562 921453374
355506303 449039436
109342930 281413691
119535595 271622264
43439054 940067409
378641563 954359223
422352983 629995065
439613773 676762278
13782350 522450276
151382059 170717072
800331195 946192014
704797169 716246505
189915127 710559905
85337800 529712127
26716585 472243898
24423668 814835200
151182871 947964694
848491883 906425663
496506060 512096778
733780833 973740874
229444090 335725242
629507635 803308855
868188026 967906874
75836007 329683125
790982046 826231971
884428406 926428651
154084936 452676615
956497602 991121542
182251901 607700378
135717296 461636068
355843890 890423924
206339999 693856360
155256615 296510584
221608860 501468143
308026686 818509116
605454175 752263489
942757542 980816844
625779611 632682792
801323327 815871381
131448050 981728795
364199128 645410662
789738381 817685883
698491946 948599071
58980710 890356268
85222014 547136311
151418561 925713361
215388390 750644479
329278683 391540526
16875059 583464554
353134598 807379684
621833521 856113101
24271058 93017224
7565759 757067913
507746923 577274112
809851416 899414880
301898939 994028824
364581677 834821047
375446373 746114068
299924265 667449756
89651811 358122284
118811236 527525052
591855949 772773691
135827110 391162124
588013507 714200610
98905686 844890362
427037734 693091364
32136639 234006976
639736618 845749291
95721098 441957776
209943836 850987257
125079689 561604018
186635268 188845827
282564567 866324078
722657276 957452632
572176877 589489880
596951936 731453939
35461002 394511474
35648589 150341485
