81
832123861 929952498
226301873 510193094
327548673 471113390
204926086 627230278
383708909 470265172
403622333 787058685
212910503 599817214
138262688 499730354
770004519 994356464
142747594 778275489
63306196 994849710
515298000 907985794
692102717 995443275
573043040 917848358
250560533 855858966
334616591 875913270
753021473 783022117
353752523 371614190
290408220 705760849
433214080 572421244
182794962 533706422
527476050 777095737
111380041 717400992
177311503 682863290
756213271 891382061
855267198 910438530
429778359 884113780
402849283 409859912
197959851 880452490
125214532 157966783
246888088 894557718
10844442 37912525
75103841 956168040
703978379 816292917
117519035 458287640
151479924 759205970
112552040 301225536
416937784 706044572
290379426 497883048
374245898 800020026
934541632 963038484
101787027 796428699
540438647 547986115
220650844 460053900
510904825 894528347
651754368 786581149
677353861 729714878
88888683 455384025
90461103 515889412
756639058 981141097
136477843 147385749
13832872 497048984
638690996 967367477
122883841 690887290
478930539 641393198
280428224 345654423
93353403 547920886
317968071 420037772
32337559 930030312
22902640 928343291
542360651 866661069
593664120 845603604
17983487 984553473
751002405 872298987
594162591 961494940
11093059 228470189
510015365 862939537
593186606 860002264
316404662 723981019
595677462 795368868
673643767 932929402
82643255 966109729
199360343 988155310
381894968 605223160
229850227 801734435
210489484 333097291
124334498 517202191
614429777 995975757
58662887 649521584
87598082 949728389
185515761 370059378
