86
33992766 39054754
38539610 39665939
39225869 40696625
40480012 42183055
41236668 45525352
44870082 57309445
45910908 67250947
66477828 72779196
70935950 78376723
72862735 95679700
93604959 98874544
96396607 104006514
102332103 119475497
116166283 129158417
125152920 142985507
136373390 144500263
143689187 146966242
145720681 150624343
148900577 157526929
152892015 171715836
160793933 174977772
171910881 222942481
182553175 233691869
233640799 236225642
234338874 239134923
237141207 242573181
240833303 246722704
245713166 260177423
247051132 267650916
265032329 280204725
279987303 283488428
282169946 310656562
284158527 321957558
314675661 335336970
332281858 340513901
337077003 370485064
344873373 399800785
391904549 440403905
429038820 452348564
441039670 455167158
453826118 473070057
471093073 476931639
473501512 478623578
477179283 491585813
479245227 514501942
503739007 527936845
525882230 533967864
531496228 558577183
554789039 569619103
567273805 572528242
570030067 581556397
573817085 597249663
587177333 599433424
598884129 602808065
600736705 619846104
602967914 629240486
623190192 651772675
648155709 660147288
653385143 672397774
664710384 684515592
673678086 699050354
694508481 706098545
705071587 708496721
707375335 724029799
723958425 724730470
724047933 731932708
728905614 739067784
732742171 740915362
740794921 742602353
741316542 755639296
742978631 762403460
756897795 763564185
763480966 776999770
770080226 793438453
791939400 803185350
794902688 851490568
823529308 855503442
854566383 862318652
856789944 867204241
864865862 872055825
868674083 901292039
884639052 928189520
912851926 937858338
933369434 981186577
947594240 999266140
992996460 999335020
