97
10089819 19937473
13551706 21840213
21054957 24135841
22319838 36907390
29297967 45845994
42411138 50540173
46077502 52987090
51624562 53732844
53496941 55957615
55349790 68297513
57128456 88297115
79638681 95052753
89061165 98407942
96583099 107541084
104734003 118206728
118163945 119057416
118988016 133623588
130979979 134939159
134130826 154174602
139861254 162886616
158752156 197152413
176488568 210214390
205391600 215588857
214682729 222770655
216003618 258078520
238542109 263886644
258832799 268155988
264766068 272378980
269911689 307138828
306843329 321932126
320193720 338559977
336870492 356827028
356472618 360635001
358106650 363938643
362108242 380321408
364395863 392379118
387841204 402281872
397235703 423469819
422610200 427096217
424534922 437669695
428107110 447062317
446908813 456673543
447701883 461683453
460572734 465266166
463794440 473726309
466905161 480167322
474695298 493181211
493066965 499621624
499280845 556420349
500093130 573956058
573297067 574658579
574503140 582324766
578565219 583771870
583578867 605490226
602926252 622966021
611540269 630442041
629466629 636367990
635144595 643440954
639211851 651186451
644641730 662020635
660599214 670814954
662033842 673340615
670951295 679360206
678806545 685559002
679970917 704747441
703367846 707814018
707144418 712148810
707831415 718676411
716878712 719809390
719799642 731228011
728692124 734864333
734858156 737139404
735031929 744145468
740791905 745187066
744498122 753367732
745618760 770099354
767501638 773106327
772708898 778741027
775930870 782849419
778760881 784546677
783730706 787515710
786910403 793118816
792758987 802998788
801274802 814546904
814105833 820780589
818016596 858600883
854557279 861713378
860100341 879133977
874596670 887111209
884731887 932576412
910466298 967725011
966609935 973790488
968454146 982250894
977102782 982553041
982472284 987950258
983207660 995135892
995026655 996290613
