83
27219658 37526916
35313940 71547671
71489470 74038188
71599146 76585263
76111555 84125206
78175550 99738427
93329436 103005602
101905227 103629384
103592803 115533603
104165765 133492005
117639459 150940125
148476128 156457683
156362049 159068362
157063259 188275012
173681464 192179103
189787506 196063095
195081164 196642467
196528790 201258640
199120929 215850740
201746053 231676774
231103080 234521720
233187401 239706494
234555356 253062752
241629626 262294204
261806602 276706305
275091092 277651429
277339026 278243268
278188934 295536509
278339181 307008436
297050191 317783464
317273015 317960675
317843797 321880002
318860551 323131450
323122161 329964524
323891684 348175554
346345110 366686530
362489189 375621429
370642412 377461046
376716031 382556438
379124255 400354180
393692975 441366192
434719791 453376838
453208327 458520280
456387231 460756456
460416201 483291455
482490768 514482458
494948608 568569099
550381025 570316431
570205664 574719911
570435063 584547347
582721534 593734068
586893292 599197462
595945300 601968117
600680680 613638587
611071121 620403845
613998875 638230018
621926238 650689965
639254951 663871514
652686367 677889449
676964524 726025635
698833947 748596398
740009146 760487358
757839169 766427626
765535617 783012002
766911600 803851417
792392847 808433243
807461680 832140785
810505641 840543792
839366686 875731390
847917338 887616017
886854834 896686428
895952017 902445648
901085959 919981930
912786352 920664751
920541566 921680192
921108783 942796332
924203670 961711549
954899018 966297159
965490691 976629053
971863470 988609088
987980003 990124995
989324187 992608036
992183400 998498678
