99
19775066 56049982
47242928 68100149
56705254 77530339
74490586 84311067
78839659 87210269
85976654 95897825
95412762 106449754
104995293 115525905
111530265 119222805
119118730 122182748
119235687 163622303
162910646 179120892
167222286 183874297
182096429 198711420
186540584 228340681
227907258 231875612
228965062 250199908
244328277 266808956
260986954 288526720
288526626 290389395
288577447 295066504
295046111 296912645
295745046 301975650
298826766 318351661
304682091 323639267
319714420 334038132
333009791 341318426
334449505 360469148
343205790 377013479
365164324 403440949
389223467 419472097
418622002 423761524
421007160 435161082
424229407 456335058
438594312 467048134
460035904 475397538
469923219 477323745
475905681 482644233
478727567 488713165
484475706 493699529
492333335 494171255
493873033 495600368
494950249 501396474
501304716 506046576
502039830 513325347
508300327 526384875
518402765 540808032
536791098 578733227
564050978 582795063
581659313 583891656
583559290 584293410
583939190 592015030
584955359 614100972
612979104 616153852
615930434 618819357
617716647 621003346
620257925 630541813
623979021 634765156
634024975 635315249
635040911 637195582
635414964 651087969
638935313 652230258
651682508 656659198
656288425 662717524
659866290 673637933
668663329 682334109
678814225 689612651
685124504 702276904
702274173 702520726
702418933 714156014
712503539 718838039
715330397 739680243
721894083 751478940
745749169 766232166
762372952 772669788
769939879 779849928
775100702 784370144
780297072 785619463
784535152 806046092
805686477 806698643
806121672 810917873
808234819 818338556
818196322 825066402
821846546 829850161
826836812 836693056
836099538 840291527
836904660 851921857
846542552 865093615
856730061 869834595
868210159 872555144
870085920 900382364
896804943 909845198
909753938 911444223
910625125 919140581
913065910 941760308
940665913 948121778
943228862 956319449
950573168 966038642
965216442 972610780
