86
12500205 36915016
15526638 45281989
45236156 46790451
45310041 50597171
47038327 94754649
52325011 103008067
100021656 103647658
103467014 108057815
103956245 122025022
117630006 126569688
122912164 140427536
140324639 143555609
143345825 165940405
147948772 200035538
170769968 207880344
207758690 241134582
239571201 254484885
241514344 257857774
256925723 265342058
258903528 273429864
272842037 306216249
282556272 315054332
313504059 318448664
317750947 342198265
335836886 352868100
344121243 357761938
355385965 369172951
363264854 379626394
377700816 386606708
380331070 387837353
387157071 399576670
394438118 417736976
405003932 449085648
419253923 493253502
476428475 512202462
512014361 515524303
514947139 520262702
516021857 524965480
522833857 537377649
525450658 540391252
539739119 558724733
546625552 587107487
584107716 597136690
597064765 612072177
597729749 621659110
620174311 629486942
623987282 671721900
662467157 673370238
672562302 676696328
675729403 677539749
676880913 687496356
681151257 709542926
699245345 714270105
713623459 718292272
715037449 721682690
721096992 734326700
732730805 745025764
736034155 748378521
745771121 751304146
749330245 753045957
751986081 756112361
755236076 769022658
756549187 782870056
781122545 786605968
786297901 798654032
795030190 818057876
804544277 835270295
828284522 841131734
838984228 854938493
854915025 856980748
856934597 867161781
857611124 869620794
869590825 894337826
869791132 915661531
906568592 918586922
917307213 919052974
919031318 920699874
920558054 922067975
920897758 924644668
923608494 930895118
924771177 954659370
940822137 970913427
964120954 982266890
979625598 986899550
985990634 995125372
989731366 995996045
