4 69 69
29 45 61 11 3 25 7 43 32 18 57 36 12 37 41 65 31 58 67 51 15 38 9 53 69 4 64 66 24 8 27 40 55 35 47 1 56 42 21 16 19 48 20 22 46 60 63 49 44 30 39 59 10 2 33 34 23 13 62 26 6 50 5 14 54 68 52 17 28
44 25 58 30 1 16 54 11 3 60 32 53 48 59 19 34 26 21 38 51 33 65 43 63 35 36 17 28 47 9 40 46 42 5 15 4 68 66 57 8 2 49 22 50 64 55 69 45 20 61 27 23 7 29 12 18 41 52 10 62 24 37 13 56 39 67 31 14 6
41 60 44 67 8 58 11 9 54 46 14 21 43 5 23 61 37 40 39 7 53 49 36 56 57 30 59 47 63 69 29 12 45 18 66 10 68 26 20 32 51 31 3 42 64 62 33 16 25 13 34 22 2 48 6 17 24 50 4 19 28 15 27 1 52 38 65 55 35
38 49 22 58 66 60 16 23 26 61 65 51 45 39 6 10 33 4 9 17 53 27 28 35 48 2 31 7 37 63 15 40 8 56 68 41 29 19 14 57 69 24 50 42 46 44 32 11 54 18 47 34 12 59 36 30 62 3 20 67 55 21 25 43 13 64 5 1 52
9 24 63 50 58 34 35 36 30 44 62 54 15 53 38 42 25 28 69 45 26 4 14 21 47 52 39 31 55 12 68 1 37 17 61 6 27 20 10 59 49 48 8 7 51 19 22 66 46 33 11 16 5 23 18 32 40 2 57 67 29 3 56 43 65 13 64 41 60
42 58 9 21 46 28 56 51 8 49 32 50 22 41 16 52 60 66 45 61 59 27 62 12 34 23 25 67 18 26 69 37 30 5 53 68 14 40 48 29 17 24 33 65 43 47 6 7 39 57 63 44 15 31 13 64 55 4 1 10 19 35 36 38 54 3 2 20 11
39 38 66 61 5 58 69 60 37 55 6 31 29 33 8 45 51 2 65 4 68 11 9 44 36 53 12 17 24 57 47 54 27 50 21 52 1 26 13 40 16 20 14 25 67 30 49 64 56 22 48 23 3 59 43 10 19 42 18 7 28 15 46 41 35 63 34 32 62
34 55 26 66 1 18 24 21 42 27 5 69 4 11 57 56 8 23 29 60 62 39 31 25 53 15 6 40 20 41 58 51 13 19 65 36 38 46 10 47 44 61 63 48 54 68 50 3 33 43 30 49 12 37 17 52 64 16 35 67 2 28 45 14 32 9 7 22 59
24 23 17 55 31 9 38 65 7 43 67 12 33 63 39 46 44 34 26 49 59 25 51 40 1 61 57 53 56 15 64 14 8 22 41 37 58 2 30 4 69 6 27 5 20 19 21 54 32 52 18 13 60 29 42 47 50 11 35 48 28 45 3 10 62 68 16 36 66
22 68 34 27 48 65 61 62 39 44 30 14 46 54 69 9 12 63 41 4 32 57 33 24 55 23 52 51 40 60 31 28 66 1 37 8 6 49 50 64 45 53 20 43 10 35 3 47 42 17 25 19 11 15 58 56 7 5 67 13 38 18 36 26 16 21 29 2 59
47 66 62 22 23 61 64 30 17 7 57 2 40 45 56 36 67 18 35 8 63 58 55 1 42 14 10 3 9 20 43 12 60 37 5 21 31 65 49 51 32 53 52 38 34 6 4 29 59 39 11 44 27 25 46 68 26 13 24 41 28 54 19 15 50 69 33 48 16
28 18 56 20 1 7 26 64 2 65 38 16 17 45 23 35 24 31 54 67 10 15 30 27 14 33 47 53 8 62 11 34 29 13 25 44 3 40 48 66 57 4 42 49 68 12 61 60 36 43 39 5 52 32 69 41 9 46 51 59 19 21 55 50 22 63 58 37 6
4 64 57 58 61 37 34 66 36 21 5 32 41 54 22 42 50 25 1 26 7 10 65 17 23 40 56 28 52 14 55 30 27 62 51 38 43 13 6 12 9 63 53 20 45 29 33 60 35 49 2 18 67 16 44 47 15 46 68 31 8 48 19 59 3 39 11 69 24
5 2 59 29 13 28 17 38 39 35 22 34 24 12 55 45 48 3 44 11 51 8 67 7 9 50 69 15 19 46 1 42 57 43 63 18 36 40 32 65 16 26 58 68 64 6 23 62 60 21 20 56 47 52 31 10 49 27 54 37 33 66 30 4 61 41 53 14 25
66 67 63 3 25 29 47 57 69 31 38 34 1 48 56 4 26 59 53 65 49 16 30 68 10 62 52 37 43 33 8 7 28 2 5 13 35 9 51 27 64 61 50 22 15 55 6 41 11 12 19 32 40 45 24 54 58 14 21 42 44 18 36 20 17 60 46 23 39
7 8 28 52 62 60 65 35 14 46 11 3 41 20 19 44 23 26 17 38 42 59 1 43 2 5 45 18 36 57 31 27 55 56 63 16 21 12 54 10 49 9 15 4 29 51 34 37 32 67 50 66 48 40 58 68 30 33 61 39 64 25 69 47 6 24 13 53 22
30 62 16 49 63 15 64 26 21 57 42 2 31 14 8 19 33 23 52 34 5 4 40 11 69 60 25 10 29 32 55 44 67 47 54 28 56 51 39 61 59 3 37 45 36 46 12 43 48 24 68 66 50 22 7 41 27 35 38 53 1 17 20 9 13 6 18 58 65
27 40 5 18 12 23 63 44 33 1 39 20 42 50 66 3 65 16 47 64 21 19 30 68 49 60 46 28 32 62 61 29 2 54 45 69 14 13 51 26 67 17 57 41 25 11 53 7 59 56 6 43 10 38 36 9 37 52 58 8 24 15 22 34 31 48 4 35 55
4 7 63 32 5 56 35 64 45 6 3 51 1 46 55 18 53 25 9 57 42 19 39 47 37 15 26 41 27 13 21 30 2 68 54 59 36 20 8 40 12 23 52 24 17 66 33 29 22 11 49 50 69 58 62 38 67 65 61 48 44 14 34 28 16 43 31 10 60
61 13 9 30 60 40 18 7 53 38 47 14 4 69 28 11 16 68 48 19 33 29 2 26 21 54 55 24 35 6 43 34 56 36 23 25 31 20 52 45 51 63 8 49 5 59 22 10 66 67 41 15 64 50 17 3 12 1 58 32 57 42 44 65 46 27 62 39 37
54 51 67 66 30 55 18 28 45 9 39 32 31 16 1 61 57 35 64 40 63 50 38 49 47 25 46 22 69 7 41 27 11 10 15 37 2 68 58 65 43 33 59 44 26 60 52 6 21 12 3 14 42 19 34 8 4 53 5 62 23 29 48 20 36 13 56 24 17
53 64 17 19 15 60 31 2 45 29 9 5 44 58 39 22 55 14 25 32 41 24 49 61 33 57 52 16 67 43 1 10 42 56 35 38 30 8 28 50 26 6 40 68 21 18 46 59 4 63 13 66 3 34 20 36 37 48 23 11 47 51 7 27 69 12 65 54 62
4 45 64 44 51 60 2 41 11 35 49 46 16 57 37 3 17 9 8 34 52 67 36 59 66 65 40 6 62 56 53 47 33 61 1 5 30 15 10 24 7 12 38 27 50 42 48 29 14 32 21 25 18 28 20 68 69 54 26 43 55 19 31 23 13 58 63 39 22
40 41 64 50 23 29 22 52 4 37 16 42 8 69 19 21 56 44 36 32 9 17 1 5 3 58 34 65 48 26 12 2 20 63 30 35 51 11 43 59 49 31 33 6 55 14 7 38 10 13 61 24 57 18 66 62 28 27 39 25 53 60 67 68 47 15 45 46 54
36 10 3 52 11 35 8 28 43 51 56 65 5 32 15 34 20 62 26 40 57 4 13 25 17 54 69 42 68 50 48 14 2 61 49 30 59 33 46 31 9 19 47 6 22 27 18 23 53 67 58 55 63 1 39 16 64 24 60 29 21 66 41 37 44 12 7 45 38
50 25 67 57 1 10 36 33 26 59 2 52 6 3 31 9 13 38 63 39 46 42 56 14 20 54 27 68 22 64 45 15 32 44 65 5 7 61 62 16 37 18 40 41 48 47 29 8 23 51 30 55 17 69 49 34 24 53 28 58 60 43 21 12 19 11 35 66 4
20 54 44 49 28 25 8 41 46 21 12 42 4 10 23 24 48 5 68 39 35 33 7 19 15 59 36 57 34 66 27 14 38 53 1 37 11 30 45 32 55 22 65 56 62 13 61 40 64 50 29 58 9 43 18 16 69 2 3 17 31 6 26 63 51 47 60 67 52
52 13 65 11 50 3 35 20 68 59 17 8 15 64 66 7 47 4 60 5 39 2 56 62 18 30 48 61 46 49 14 12 38 1 21 42 69 53 40 29 27 44 9 34 63 32 41 58 54 28 26 45 57 24 23 16 51 22 55 10 37 19 6 25 67 43 31 33 36
13 61 65 9 6 7 36 32 55 15 68 42 10 1 48 45 5 19 11 49 14 4 44 54 17 51 28 30 57 56 67 24 23 37 62 60 40 41 29 52 20 43 35 63 31 66 21 34 33 50 39 46 18 16 26 2 69 58 59 47 27 8 12 53 25 64 38 3 22
38 59 44 34 60 47 4 5 6 65 40 25 42 46 7 8 61 31 39 23 26 36 32 33 2 24 48 28 50 3 63 15 22 30 18 49 10 52 41 9 67 37 43 1 54 55 53 66 19 12 27 51 64 20 45 13 58 57 35 29 62 17 21 68 14 11 69 56 16
20 8 10 37 62 57 52 26 44 48 60 64 68 16 32 27 17 4 23 55 25 61 49 39 69 5 14 58 45 29 24 34 63 41 6 38 7 65 15 9 31 3 53 59 46 12 19 33 67 18 51 50 40 42 28 35 11 30 47 43 1 21 66 54 56 2 22 13 36
57 15 41 48 28 67 55 2 4 56 45 31 69 38 16 1 9 53 32 64 42 35 49 29 13 26 21 33 51 62 8 43 20 39 25 37 6 61 36 34 65 50 3 30 58 66 40 23 52 47 14 5 11 63 12 22 27 10 54 46 7 44 18 19 17 59 68 60 24
37 2 10 29 17 45 8 35 27 24 4 5 46 59 50 23 20 66 25 3 30 43 26 38 52 57 62 47 63 69 33 56 64 53 68 7 22 18 61 54 51 41 55 32 67 9 19 28 15 44 36 12 34 40 21 31 13 39 60 49 11 48 6 65 58 1 42 16 14
27 38 42 15 65 10 21 49 17 1 50 7 56 53 29 18 63 9 23 16 11 58 64 35 52 41 26 24 13 6 25 31 19 22 12 3 66 28 34 55 5 37 2 14 20 40 45 33 67 69 48 32 62 54 46 59 44 43 61 57 4 68 8 51 47 30 36 39 60
52 4 2 68 41 27 46 37 63 45 31 12 36 16 69 24 30 10 3 49 28 66 8 6 38 39 60 14 64 53 67 19 33 13 35 7 65 32 62 50 40 25 47 23 1 9 56 51 42 55 43 11 61 22 48 54 21 44 15 17 5 18 58 57 26 59 34 20 29
37 27 67 48 5 69 64 33 36 43 39 68 32 50 62 15 52 51 7 59 38 53 14 2 66 16 56 34 3 45 46 19 49 10 47 20 40 63 65 12 29 35 26 61 23 55 54 1 42 4 44 28 24 57 25 8 58 6 11 13 60 17 18 21 9 22 30 41 31
51 19 41 10 9 60 29 25 52 37 15 50 16 46 27 53 62 20 2 58 3 63 38 42 31 32 11 69 23 14 56 24 26 36 57 64 8 43 65 49 35 6 18 5 67 13 68 40 59 30 66 1 34 22 55 45 4 28 39 48 47 54 33 7 61 44 12 21 17
47 48 2 6 30 59 15 42 58 4 52 55 11 25 29 23 67 18 27 62 37 32 43 14 36 13 45 17 3 9 56 8 7 69 49 10 46 34 60 33 68 31 54 12 26 35 64 53 61 16 65 5 51 24 41 40 57 19 22 20 1 63 39 21 66 28 44 38 50
53 67 59 27 54 33 66 49 30 48 16 60 57 13 14 38 4 50 58 19 44 64 56 68 43 47 2 40 3 10 65 17 15 42 62 23 5 46 26 39 8 32 24 18 22 20 35 28 61 9 41 29 21 6 51 7 1 69 11 55 36 12 25 52 31 37 34 63 45
6 69 49 27 53 44 54 30 15 46 31 55 51 62 58 59 52 45 8 20 64 67 3 24 16 47 13 23 12 10 42 11 35 29 38 43 19 32 5 68 1 4 63 56 7 61 2 14 60 65 25 21 41 48 33 17 28 26 66 36 34 22 18 40 37 50 9 57 39
65 23 64 54 12 42 57 39 4 17 61 67 10 49 15 27 5 56 25 44 6 8 1 9 29 2 20 13 60 63 3 58 26 50 47 46 34 40 7 35 69 38 45 53 33 30 21 14 62 48 11 66 24 16 51 52 36 43 59 41 32 19 68 28 37 31 18 22 55
57 43 17 35 28 62 37 41 16 23 12 47 69 13 14 21 48 1 49 38 30 10 31 64 7 40 5 55 50 26 42 65 45 27 8 9 33 59 19 68 67 52 6 2 60 18 58 15 44 29 36 3 25 32 4 66 63 56 39 54 11 53 20 46 24 22 51 34 61
15 60 9 14 69 42 23 1 24 7 61 39 62 49 65 47 8 4 28 17 22 51 5 19 57 67 50 30 35 44 25 33 6 43 20 18 11 37 64 48 46 55 13 59 66 26 38 40 29 36 16 63 27 53 41 56 10 54 58 32 34 31 52 45 2 12 21 3 68
5 35 28 34 17 56 15 62 31 32 7 44 69 58 67 57 51 26 47 53 33 45 40 10 14 21 3 4 46 22 23 30 48 36 38 52 24 20 37 19 64 16 68 49 63 9 54 6 59 29 61 13 66 18 11 8 39 60 65 41 1 2 55 27 50 25 43 42 12
21 35 40 6 61 19 36 39 2 14 11 50 57 1 26 58 16 65 66 9 43 32 15 30 69 10 4 20 44 27 41 62 37 31 42 7 46 29 8 28 33 22 52 51 56 3 25 47 24 18 23 45 55 60 67 34 59 64 53 12 49 63 17 48 68 5 38 54 13
66 13 5 4 32 67 61 40 7 45 12 22 56 26 46 47 64 38 24 16 41 51 19 28 9 58 18 60 15 52 63 48 27 3 20 53 25 59 10 69 6 14 33 2 43 49 8 11 29 1 34 37 35 31 50 44 36 65 17 62 42 39 21 30 54 68 57 55 23
53 40 48 34 38 57 55 27 43 67 31 56 8 1 68 42 36 62 14 21 46 29 3 12 28 18 17 47 64 9 58 13 65 5 66 30 4 24 7 45 49 39 69 32 59 23 44 37 22 11 63 15 16 20 50 6 10 26 25 33 54 19 35 41 61 52 2 51 60
49 43 17 23 16 65 50 55 45 59 24 66 69 31 63 61 12 30 3 54 28 18 67 41 53 38 11 14 35 9 26 39 60 62 2 1 36 10 4 22 57 42 37 64 13 20 27 29 46 32 8 52 7 6 15 48 68 33 47 40 25 34 51 21 5 56 19 58 44
43 1 13 67 5 49 17 38 47 50 10 23 63 61 6 12 64 9 15 20 33 44 39 25 48 14 54 2 69 68 32 57 16 31 29 21 59 65 35 52 11 62 58 27 41 55 34 24 56 46 8 22 42 19 3 30 37 36 40 7 28 60 66 26 4 18 53 45 51
10 2 42 23 3 62 27 40 66 8 39 45 24 67 64 6 4 48 12 59 19 68 41 46 7 21 17 22 63 55 52 26 44 32 54 58 14 15 33 35 51 29 18 28 53 56 61 57 16 11 25 31 38 20 50 47 60 43 13 37 34 69 65 36 5 49 1 9 30
30 49 54 31 46 60 53 51 61 47 16 29 64 56 9 63 15 20 65 7 17 45 59 12 39 40 22 26 23 52 69 62 35 50 11 68 57 5 33 38 44 55 6 8 27 4 41 19 42 24 10 48 58 43 14 36 13 21 37 25 3 2 67 1 18 66 32 34 28
11 58 48 59 6 32 30 47 2 17 56 21 10 57 7 34 64 28 62 19 65 12 27 16 35 31 63 22 4 15 36 37 69 66 40 52 45 33 29 13 49 67 51 46 61 25 26 23 68 5 50 1 20 41 39 38 14 8 9 18 42 60 44 43 53 55 54 24 3
30 66 41 65 39 11 25 21 24 43 36 33 34 19 60 9 8 40 69 46 15 26 37 55 28 61 67 54 64 12 49 57 53 6 10 20 56 5 32 3 13 4 35 27 62 58 2 16 52 63 31 45 1 17 42 38 18 48 50 22 23 51 47 59 44 14 7 68 29
48 12 45 50 27 60 18 3 40 61 56 24 37 47 62 5 17 69 39 63 55 31 34 36 14 4 59 21 46 29 20 58 22 43 68 28 25 35 2 7 53 32 66 8 64 67 65 23 1 44 11 52 51 26 13 19 9 16 49 41 42 6 33 10 54 30 15 38 57
63 34 5 24 46 47 14 36 19 43 55 37 31 1 65 35 69 21 10 12 64 44 20 30 60 42 23 22 3 54 45 66 40 25 58 51 62 15 29 7 59 4 48 61 49 9 28 52 13 67 41 39 56 68 2 8 27 18 26 32 38 33 57 17 50 53 11 6 16
25 65 10 40 22 47 41 6 37 61 68 29 11 30 15 38 66 13 21 33 52 44 28 4 53 2 35 60 24 16 20 27 62 17 48 69 32 56 59 39 18 5 42 12 8 67 23 9 50 31 55 58 64 1 46 36 3 7 43 34 51 54 57 14 63 19 26 45 49
42 1 25 17 22 24 23 60 43 16 14 65 7 28 38 12 44 5 41 45 13 30 3 39 32 11 59 47 50 67 66 61 63 58 68 6 54 2 26 56 19 4 15 18 57 36 20 49 62 10 64 46 33 21 9 31 51 27 40 8 35 69 29 53 55 48 52 37 34
40 19 68 61 36 62 26 22 18 46 35 9 3 32 13 63 66 12 16 53 39 50 11 10 31 28 6 59 20 33 38 23 27 30 29 48 45 21 14 1 34 25 44 8 17 41 57 65 55 52 4 49 37 51 15 54 60 56 58 69 7 43 5 47 67 42 24 2 64
15 26 53 19 12 56 17 62 16 27 29 6 31 69 23 9 33 52 5 10 58 60 57 37 3 18 43 35 64 65 59 22 14 46 39 67 51 36 66 68 21 8 28 47 11 13 4 7 30 44 48 32 34 24 55 25 2 41 20 54 63 1 50 42 45 61 40 38 49
32 35 21 37 61 55 66 40 4 11 69 44 46 36 30 31 52 13 8 6 5 15 34 41 43 59 39 47 42 10 3 48 17 57 27 26 51 1 29 9 20 38 65 54 22 25 63 53 67 19 58 62 14 68 56 49 50 64 12 16 28 2 60 23 18 24 45 7 33
59 48 17 69 22 21 3 58 37 7 64 39 57 12 31 63 20 2 47 15 50 42 55 51 65 61 34 54 4 26 33 52 36 62 45 29 38 53 46 16 6 8 44 35 68 13 10 18 56 23 43 49 14 40 1 25 11 28 30 67 9 24 66 19 41 5 60 32 27
31 15 32 36 22 14 48 51 38 24 56 18 33 19 28 49 41 57 30 60 62 39 4 17 45 61 69 35 27 8 52 25 58 55 5 65 50 68 26 44 23 13 10 21 2 20 67 43 59 54 3 6 40 64 9 66 12 34 47 42 46 11 16 29 7 53 63 1 37
60 39 56 18 2 1 42 19 27 5 68 36 54 45 16 67 65 30 66 53 25 32 44 13 29 41 47 69 26 10 37 62 8 58 4 50 6 46 11 3 48 24 17 61 49 59 21 28 22 12 34 23 52 35 43 63 7 15 20 9 64 31 40 57 51 14 38 33 55
15 29 7 24 44 26 64 55 49 59 28 13 35 20 67 39 5 31 69 22 41 25 40 3 53 12 63 68 56 36 14 32 58 21 65 54 8 51 27 38 47 17 19 57 61 52 30 37 6 18 23 45 34 2 11 16 48 60 42 43 66 1 10 46 9 4 62 50 33
35 4 28 46 15 8 30 18 7 50 56 39 69 16 10 25 62 38 52 47 60 57 20 61 17 13 55 65 23 48 58 54 32 63 27 49 9 51 31 1 29 2 66 21 12 68 44 53 24 64 14 59 3 6 41 36 43 26 67 5 34 40 11 37 33 19 42 22 45
21 18 62 51 67 46 26 60 3 47 50 29 66 68 31 7 5 32 22 8 11 41 19 25 56 52 28 65 38 15 53 23 49 16 13 1 34 44 33 12 69 45 59 14 63 24 2 64 43 20 40 9 58 61 55 30 35 42 6 37 48 4 36 17 27 39 54 10 57
24 28 33 27 17 18 21 19 30 54 56 67 48 43 42 44 60 66 39 13 22 61 8 11 55 46 49 20 31 37 16 4 45 15 9 47 26 14 64 25 35 65 7 23 57 69 6 50 10 51 62 32 40 12 1 63 29 38 36 68 5 52 3 53 34 2 58 59 41
36 34 37 42 43 52 17 41 64 48 62 3 58 56 39 53 14 13 20 33 31 60 32 54 1 28 7 40 15 22 26 24 46 30 2 10 25 29 67 27 59 50 6 66 18 55 68 8 69 61 65 5 45 38 57 63 23 51 35 4 9 44 12 47 11 21 16 49 19
48 65 3 63 69 53 64 27 54 17 39 5 52 23 49 2 11 33 41 57 30 34 21 45 62 31 67 18 58 22 26 24 19 60 55 35 20 42 50 61 38 36 7 9 15 10 59 40 13 8 29 4 68 28 56 12 47 43 25 6 16 51 1 46 66 37 44 32 14
